5.000000000000000104e-03 4.091228977699999814e+04 1.257616989900000044e+04
1.499999999999999944e-02 5.462141437099999894e+04 3.551067172900000151e+04
2.500000000000000139e-02 4.887556253000000288e+04 2.293607878300000084e+04
3.500000000000000333e-02 3.790996242399999755e+04 1.905301481100000092e+04
4.499999999999999833e-02 3.054013136700000177e+04 1.469963144900000043e+04
5.500000000000000028e-02 2.608756396999999924e+04 1.180890716099999918e+04
6.500000000000000222e-02 2.285321695299999919e+04 1.094929008299999987e+04
7.499999999999999722e-02 2.027436020500000086e+04 8.556538160000000062e+03
8.500000000000000611e-02 1.680727992900000027e+04 7.032100406999999905e+03
9.500000000000000111e-02 1.405279071199999998e+04 6.150398326000000452e+03
1.049999999999999961e-01 1.198157580100000087e+04 5.172673268999999891e+03
1.150000000000000050e-01 1.070952584500000012e+04 4.040116732999999840e+03
1.250000000000000000e-01 9.878773074000000634e+03 3.885665805999999975e+03
1.350000000000000089e-01 9.060140423000000737e+03 3.311510721999999987e+03
1.449999999999999900e-01 8.013832964000000175e+03 2.933001252000000022e+03
1.549999999999999989e-01 7.201126377999999931e+03 2.827855940999999802e+03
1.650000000000000078e-01 6.404254109000000426e+03 2.384882298999999875e+03
1.749999999999999889e-01 5.902753921000000446e+03 2.048974357000000055e+03
1.849999999999999978e-01 5.479160117999999784e+03 1.834150795999999900e+03
1.950000000000000067e-01 5.108741189999999733e+03 1.576653819000000112e+03
2.049999999999999878e-01 4.715326667000000270e+03 1.392400718000000097e+03
2.149999999999999967e-01 4.354279402000000118e+03 1.386691278000000011e+03
2.250000000000000056e-01 4.035581262000000152e+03 1.096284521999999924e+03
2.349999999999999867e-01 3.736275161000000026e+03 1.006217797000000019e+03
2.449999999999999956e-01 3.510531460000000152e+03 8.604323709999999892e+02
2.550000000000000044e-01 3.296191362000000026e+03 7.903602120000000468e+02
2.650000000000000133e-01 3.109741525999999794e+03 6.438277440000000524e+02
2.750000000000000222e-01 2.923301856000000043e+03 6.178406710000000430e+02
2.849999999999999756e-01 2.744255309000000125e+03 4.892907240000000115e+02
2.949999999999999845e-01 2.594757694999999785e+03 4.268279999999999745e+02
3.049999999999999933e-01 2.460606548000000203e+03 3.684895260000000121e+02
3.150000000000000022e-01 2.321041436999999860e+03 2.708877860000000055e+02
3.250000000000000111e-01 2.215774027999999817e+03 2.390241969999999867e+02
3.350000000000000200e-01 2.082028389999999945e+03 1.790406099999999867e+02
3.449999999999999734e-01 1.991237022000000024e+03 1.555657860000000028e+02
3.549999999999999822e-01 1.888054822000000058e+03 1.035461200000000019e+02
3.649999999999999911e-01 1.808166975000000093e+03 8.931482200000000660e+01
3.750000000000000000e-01 1.715226781999999957e+03 2.866996699999999976e+01
3.850000000000000089e-01 1.638953833000000031e+03 7.999720000000000164e-01
3.950000000000000178e-01 1.570032989000000043e+03 -2.947165999999999997e+01
