5.000000000000000104e-03 4.218352184300000226e+04 2.432021120900000096e+04
1.499999999999999944e-02 5.640315529200000310e+04 4.514380356800000300e+04
2.500000000000000139e-02 4.950507210399999894e+04 1.655320319499999823e+04
3.500000000000000333e-02 4.006478639100000146e+04 1.900009713900000133e+04
4.499999999999999833e-02 3.041046920200000022e+04 1.473396516200000042e+04
5.500000000000000028e-02 2.667281344700000045e+04 1.323671398899999986e+04
6.500000000000000222e-02 2.331499524000000019e+04 1.145967239200000040e+04
7.499999999999999722e-02 2.032208062100000097e+04 8.577609037000000171e+03
8.500000000000000611e-02 1.671856866200000150e+04 6.695791035000000193e+03
9.500000000000000111e-02 1.400468391499999962e+04 6.153106260999999904e+03
1.049999999999999961e-01 1.202893410699999913e+04 4.936524854000000232e+03
1.150000000000000050e-01 1.076483146499999930e+04 4.083566065999999864e+03
1.250000000000000000e-01 9.969818287000000055e+03 4.151202919999999722e+03
1.350000000000000089e-01 9.144253654000000097e+03 3.533221632000000227e+03
1.449999999999999900e-01 8.056105943999999909e+03 2.778259861999999885e+03
1.549999999999999989e-01 7.131520292000000154e+03 2.785171588000000156e+03
1.650000000000000078e-01 6.418010683000000427e+03 2.335155337000000145e+03
1.749999999999999889e-01 5.890979760000000169e+03 2.169349200999999994e+03
1.849999999999999978e-01 5.497180865999999696e+03 1.816100572000000057e+03
1.950000000000000067e-01 5.112121065000000272e+03 1.598554828000000043e+03
2.049999999999999878e-01 4.726567581000000246e+03 1.480679270000000088e+03
2.149999999999999967e-01 4.350780270999999630e+03 1.275698423000000048e+03
2.250000000000000056e-01 4.045805883999999878e+03 1.164586976000000050e+03
2.349999999999999867e-01 3.758042113999999856e+03 1.040963261999999986e+03
2.449999999999999956e-01 3.521216675000000123e+03 8.740164109999999482e+02
2.550000000000000044e-01 3.305273888000000170e+03 7.668238499999999931e+02
2.650000000000000133e-01 3.123274422999999842e+03 6.756809279999999944e+02
2.750000000000000222e-01 2.929780181000000084e+03 5.710073559999999588e+02
2.849999999999999756e-01 2.766742412999999942e+03 5.150044100000000071e+02
2.949999999999999845e-01 2.587510748000000149e+03 4.510575279999999907e+02
3.049999999999999933e-01 2.464953027000000020e+03 3.559866430000000150e+02
3.150000000000000022e-01 2.341269482000000153e+03 2.953129989999999907e+02
3.250000000000000111e-01 2.212636469999999917e+03 2.517656939999999963e+02
3.350000000000000200e-01 2.092519103000000086e+03 1.972460140000000024e+02
3.449999999999999734e-01 1.979223821000000044e+03 1.710596899999999891e+02
3.549999999999999822e-01 1.895673622000000023e+03 1.190179009999999948e+02
3.649999999999999911e-01 1.798495918999999958e+03 8.329370099999999866e+01
3.750000000000000000e-01 1.726984936000000062e+03 2.984421199999999885e+01
3.850000000000000089e-01 1.651695351000000073e+03 -3.494130999999999876e+00
3.950000000000000178e-01 1.560828500999999960e+03 -2.635828400000000116e+01
