5.000000000000000104e-03 4.499267900699999882e+04 2.999876154899999892e+04
1.499999999999999944e-02 5.498997403099999792e+04 2.767881177400000161e+04
2.500000000000000139e-02 4.913961134899999888e+04 2.047983598500000153e+04
3.500000000000000333e-02 3.880116106299999956e+04 1.707782230200000049e+04
4.499999999999999833e-02 3.004219103000000177e+04 1.329258521800000017e+04
5.500000000000000028e-02 2.583892059000000154e+04 1.294800240599999961e+04
6.500000000000000222e-02 2.293438343800000075e+04 9.739828107999999702e+03
7.499999999999999722e-02 2.030921315999999933e+04 9.316532672999999704e+03
8.500000000000000611e-02 1.671397298800000135e+04 6.216805401999999958e+03
9.500000000000000111e-02 1.377755397000000085e+04 6.045104737999999998e+03
1.049999999999999961e-01 1.189909922899999947e+04 5.006844949999999699e+03
1.150000000000000050e-01 1.088665061600000081e+04 4.587777380000000448e+03
1.250000000000000000e-01 9.761336106000000655e+03 4.012462985000000117e+03
1.350000000000000089e-01 9.003728907999999137e+03 3.447856674000000112e+03
1.449999999999999900e-01 8.083744937000000391e+03 3.002246126000000004e+03
1.549999999999999989e-01 7.118055945000000065e+03 2.632178582999999890e+03
1.650000000000000078e-01 6.377372424999999566e+03 2.306726041999999779e+03
1.749999999999999889e-01 5.828801795000000311e+03 2.005424580000000105e+03
1.849999999999999978e-01 5.476090199999999641e+03 1.820677959000000101e+03
1.950000000000000067e-01 5.128031213999999636e+03 1.646848058000000037e+03
2.049999999999999878e-01 4.693369875999999749e+03 1.333245705000000044e+03
2.149999999999999967e-01 4.365232981000000109e+03 1.279013537999999926e+03
2.250000000000000056e-01 4.012014732000000095e+03 1.180330414000000019e+03
2.349999999999999867e-01 3.757733983999999964e+03 1.000204942999999957e+03
2.449999999999999956e-01 3.519912093999999797e+03 8.974822890000000370e+02
2.550000000000000044e-01 3.292141481999999996e+03 7.566240890000000263e+02
2.650000000000000133e-01 3.121987614000000121e+03 6.259477239999999938e+02
2.750000000000000222e-01 2.924164163999999801e+03 5.665698840000000018e+02
2.849999999999999756e-01 2.731994839999999840e+03 4.821379590000000235e+02
2.949999999999999845e-01 2.582837657999999919e+03 4.075661999999999807e+02
3.049999999999999933e-01 2.456615805999999793e+03 3.605174969999999917e+02
3.150000000000000022e-01 2.318077351999999792e+03 3.230990850000000023e+02
3.250000000000000111e-01 2.199246616999999787e+03 2.311322759999999903e+02
3.350000000000000200e-01 2.088647098999999798e+03 1.846637059999999906e+02
3.449999999999999734e-01 1.982941714999999931e+03 1.166114160000000055e+02
3.549999999999999822e-01 1.894816491999999926e+03 1.111516600000000068e+02
3.649999999999999911e-01 1.799600277999999889e+03 6.858234799999999609e+01
3.750000000000000000e-01 1.710419527999999900e+03 1.724124399999999824e+01
3.850000000000000089e-01 1.631517284000000018e+03 5.407359999999999722e+00
3.950000000000000178e-01 1.557878345000000081e+03 -4.923956199999999939e+01
