5.000000000000000104e-03 3.733620220700000209e+04 8.501173507999999856e+03
1.499999999999999944e-02 5.461276056200000312e+04 2.116286634699999922e+04
2.500000000000000139e-02 5.027136088000000018e+04 2.768638818399999946e+04
3.500000000000000333e-02 3.894594864399999642e+04 1.851004404599999907e+04
4.499999999999999833e-02 3.033044801799999914e+04 1.355630108199999995e+04
5.500000000000000028e-02 2.590498338099999819e+04 1.132859043999999994e+04
6.500000000000000222e-02 2.323718435799999861e+04 1.069271858600000087e+04
7.499999999999999722e-02 1.992333285899999828e+04 7.998522954000000027e+03
8.500000000000000611e-02 1.709162040799999886e+04 7.997180099000000155e+03
9.500000000000000111e-02 1.394328445099999954e+04 5.980263455999999678e+03
1.049999999999999961e-01 1.194650016499999947e+04 5.435455589000000145e+03
1.150000000000000050e-01 1.070343200299999990e+04 4.587663290000000416e+03
1.250000000000000000e-01 9.904176296999999977e+03 4.286356797000000370e+03
1.350000000000000089e-01 9.037027475000000777e+03 3.305229238999999779e+03
1.449999999999999900e-01 8.113571025000000191e+03 3.173921018999999887e+03
1.549999999999999989e-01 7.117578891000000112e+03 2.721697608999999829e+03
1.650000000000000078e-01 6.409190118000000439e+03 2.371539370999999846e+03
1.749999999999999889e-01 5.870703891000000112e+03 2.109975550000000112e+03
1.849999999999999978e-01 5.503517668000000413e+03 1.944090934999999945e+03
1.950000000000000067e-01 5.128353022999999666e+03 1.647235118999999941e+03
2.049999999999999878e-01 4.736722155999999814e+03 1.472599723999999924e+03
2.149999999999999967e-01 4.365208633999999620e+03 1.343052556000000095e+03
2.250000000000000056e-01 4.033614978999999948e+03 1.210015834999999925e+03
2.349999999999999867e-01 3.766078845000000001e+03 9.807711769999999660e+02
2.449999999999999956e-01 3.512064962999999807e+03 9.045921439999999620e+02
2.550000000000000044e-01 3.341223633999999947e+03 7.975934770000000071e+02
2.650000000000000133e-01 3.109522703999999976e+03 6.149596169999999802e+02
2.750000000000000222e-01 2.916615458000000217e+03 5.766163390000000391e+02
2.849999999999999756e-01 2.761672235999999884e+03 5.100532329999999774e+02
2.949999999999999845e-01 2.607304954000000180e+03 4.321801609999999982e+02
3.049999999999999933e-01 2.462576564999999846e+03 3.559909739999999942e+02
3.150000000000000022e-01 2.331907075000000077e+03 3.068686059999999998e+02
3.250000000000000111e-01 2.201215756000000056e+03 2.436518869999999879e+02
3.350000000000000200e-01 2.106325417000000016e+03 1.574316540000000089e+02
3.449999999999999734e-01 1.991684205000000020e+03 1.207872870000000063e+02
3.549999999999999822e-01 1.892039250000000038e+03 1.174867100000000022e+02
3.649999999999999911e-01 1.808059183999999959e+03 7.177986300000000597e+01
3.750000000000000000e-01 1.714954101999999921e+03 1.989324099999999973e+01
3.850000000000000089e-01 1.645335804999999937e+03 -1.299326999999999899e+00
3.950000000000000178e-01 1.569170542000000069e+03 -1.309228300000000011e+01
