5.000000000000000104e-03 4.606218367099999887e+04 4.451337639099999797e+04
1.499999999999999944e-02 5.540909925700000167e+04 3.380642288399999961e+04
2.500000000000000139e-02 5.051650296399999934e+04 2.321580643899999995e+04
3.500000000000000333e-02 3.794752055300000211e+04 1.849646556399999827e+04
4.499999999999999833e-02 3.097094583799999964e+04 1.433035871199999929e+04
5.500000000000000028e-02 2.613222154099999898e+04 1.186569752499999959e+04
6.500000000000000222e-02 2.263791211299999850e+04 1.000011293800000021e+04
7.499999999999999722e-02 2.022180318099999931e+04 8.570150513000000501e+03
8.500000000000000611e-02 1.687014410299999872e+04 7.694283223999999791e+03
9.500000000000000111e-02 1.401557343600000058e+04 5.964900451000000430e+03
1.049999999999999961e-01 1.204163121200000023e+04 5.442859454000000369e+03
1.150000000000000050e-01 1.084342279600000074e+04 4.655603084999999737e+03
1.250000000000000000e-01 9.910069928000000800e+03 3.909943896000000223e+03
1.350000000000000089e-01 9.045851215999999113e+03 3.372401096999999936e+03
1.449999999999999900e-01 8.091062753000000157e+03 2.910439516999999796e+03
1.549999999999999989e-01 7.120535482000000229e+03 2.774959289999999783e+03
1.650000000000000078e-01 6.458703797999999551e+03 2.348207335000000057e+03
1.749999999999999889e-01 5.875993416999999681e+03 2.048032744000000093e+03
1.849999999999999978e-01 5.502413373999999749e+03 1.897671199999999999e+03
1.950000000000000067e-01 5.128424347000000125e+03 1.587001330999999936e+03
2.049999999999999878e-01 4.729067790000000059e+03 1.351426330999999891e+03
2.149999999999999967e-01 4.359507674000000407e+03 1.320803286999999955e+03
2.250000000000000056e-01 4.050817219000000023e+03 1.201978256000000101e+03
2.349999999999999867e-01 3.750948432000000139e+03 9.960799240000000054e+02
2.449999999999999956e-01 3.536272371000000021e+03 8.518784490000000460e+02
2.550000000000000044e-01 3.330098090999999840e+03 8.011845620000000281e+02
2.650000000000000133e-01 3.127212983999999778e+03 6.884783250000000407e+02
2.750000000000000222e-01 2.930325445999999829e+03 6.002239329999999882e+02
2.849999999999999756e-01 2.768080656999999974e+03 4.815539150000000177e+02
2.949999999999999845e-01 2.590215078000000176e+03 4.271317030000000159e+02
3.049999999999999933e-01 2.461241763999999876e+03 3.971431949999999915e+02
3.150000000000000022e-01 2.331219251999999869e+03 3.566552720000000249e+02
3.250000000000000111e-01 2.202144135999999889e+03 2.679221919999999955e+02
3.350000000000000200e-01 2.094663670999999795e+03 2.127414499999999862e+02
3.449999999999999734e-01 1.989298174999999901e+03 1.570638700000000085e+02
3.549999999999999822e-01 1.900719023000000107e+03 1.063070859999999982e+02
3.649999999999999911e-01 1.802705175999999938e+03 7.377574900000000468e+01
3.750000000000000000e-01 1.718130728999999974e+03 2.154020300000000177e+01
3.850000000000000089e-01 1.640978734999999915e+03 1.900082700000000102e+01
3.950000000000000178e-01 1.565081967999999961e+03 -3.254217500000000030e+01
