5.000000000000000104e-03 4.401410680300000240e+04 3.335268835199999739e+04
1.499999999999999944e-02 5.691857057199999690e+04 3.189255829900000026e+04
2.500000000000000139e-02 4.986478024800000276e+04 2.714535695299999861e+04
3.500000000000000333e-02 3.878464712600000348e+04 1.820977331499999855e+04
4.499999999999999833e-02 2.984881997899999988e+04 1.501016992500000015e+04
5.500000000000000028e-02 2.672317820099999881e+04 1.250978082800000084e+04
6.500000000000000222e-02 2.321957866500000091e+04 1.110267955799999982e+04
7.499999999999999722e-02 2.014850654999999824e+04 8.702703902999999627e+03
8.500000000000000611e-02 1.700141271399999823e+04 7.860362734999999702e+03
9.500000000000000111e-02 1.402697623299999941e+04 6.016751731000000291e+03
1.049999999999999961e-01 1.186550881200000003e+04 5.186672064000000319e+03
1.150000000000000050e-01 1.058751513999999952e+04 4.400195517000000109e+03
1.250000000000000000e-01 9.856177029000000402e+03 4.081417898000000150e+03
1.350000000000000089e-01 9.033019689000000653e+03 3.469666964999999891e+03
1.449999999999999900e-01 8.036536613000000216e+03 2.983450628999999935e+03
1.549999999999999989e-01 7.160528634999999667e+03 2.801125954000000092e+03
1.650000000000000078e-01 6.419916091000000051e+03 2.386951027000000067e+03
1.749999999999999889e-01 5.888299159000000145e+03 2.067128060000000005e+03
1.849999999999999978e-01 5.497148570999999720e+03 1.886109253000000081e+03
1.950000000000000067e-01 5.124264503999999761e+03 1.710625856999999996e+03
2.049999999999999878e-01 4.771295916000000034e+03 1.469091106999999965e+03
2.149999999999999967e-01 4.369777146000000357e+03 1.296280852999999979e+03
2.250000000000000056e-01 4.026963936000000103e+03 1.146718108999999913e+03
2.349999999999999867e-01 3.751084640999999920e+03 1.043494633999999905e+03
2.449999999999999956e-01 3.530550369999999930e+03 9.280810790000000452e+02
2.550000000000000044e-01 3.333973825999999917e+03 7.840367320000000291e+02
2.650000000000000133e-01 3.111872868999999810e+03 6.719842790000000150e+02
2.750000000000000222e-01 2.937979436000000078e+03 6.030783579999999802e+02
2.849999999999999756e-01 2.741711773999999878e+03 5.062256100000000174e+02
2.949999999999999845e-01 2.590814880999999787e+03 4.375224860000000149e+02
3.049999999999999933e-01 2.466133847999999944e+03 3.639009699999999725e+02
3.150000000000000022e-01 2.322581102000000101e+03 3.234738120000000094e+02
3.250000000000000111e-01 2.208581095000000005e+03 2.366466859999999883e+02
3.350000000000000200e-01 2.101858154000000013e+03 2.344883460000000071e+02
3.449999999999999734e-01 1.993035818999999947e+03 1.501586760000000140e+02
3.549999999999999822e-01 1.899329394999999977e+03 1.094122760000000056e+02
3.649999999999999911e-01 1.800459775000000036e+03 7.242863099999999577e+01
3.750000000000000000e-01 1.723608375999999907e+03 5.981450099999999992e+01
3.850000000000000089e-01 1.629450154999999995e+03 3.236534000000000333e+01
3.950000000000000178e-01 1.570413350000000037e+03 -3.115243600000000157e+01
