5.000000000000000104e-03 4.008906844999999885e+04 1.741051805600000080e+04
1.499999999999999944e-02 5.774350196899999719e+04 3.462956694499999867e+04
2.500000000000000139e-02 5.180600187000000005e+04 2.908938922699999966e+04
3.500000000000000333e-02 3.924945652900000277e+04 1.833115951100000166e+04
4.499999999999999833e-02 2.980543457199999830e+04 9.695097411999999167e+03
5.500000000000000028e-02 2.644516135500000019e+04 1.214552255399999922e+04
6.500000000000000222e-02 2.300620590799999991e+04 9.747376679999999396e+03
7.499999999999999722e-02 2.016888030499999877e+04 8.805709849000000759e+03
8.500000000000000611e-02 1.662538319000000047e+04 7.506368570999999974e+03
9.500000000000000111e-02 1.391515326500000083e+04 6.132658392999999705e+03
1.049999999999999961e-01 1.195252564399999937e+04 5.158598541000000296e+03
1.150000000000000050e-01 1.062596963099999994e+04 4.336959759999999733e+03
1.250000000000000000e-01 9.975645710000000690e+03 3.826715705000000071e+03
1.350000000000000089e-01 9.046272166999999172e+03 3.423693052999999964e+03
1.449999999999999900e-01 8.102669015000000400e+03 2.972898889000000054e+03
1.549999999999999989e-01 7.097209491999999955e+03 2.621580223999999816e+03
1.650000000000000078e-01 6.470212123000000247e+03 2.344825921999999991e+03
1.749999999999999889e-01 5.904791253000000324e+03 2.052353367000000162e+03
1.849999999999999978e-01 5.545476781000000301e+03 1.896219959999999901e+03
1.950000000000000067e-01 5.092224237999999787e+03 1.666327221000000009e+03
2.049999999999999878e-01 4.729587340000000040e+03 1.411620159999999942e+03
2.149999999999999967e-01 4.381387514000000010e+03 1.307958272999999963e+03
2.250000000000000056e-01 4.063993538000000171e+03 1.226007125000000087e+03
2.349999999999999867e-01 3.754971611999999823e+03 1.022375719000000004e+03
2.449999999999999956e-01 3.514474501000000146e+03 8.893633469999999761e+02
2.550000000000000044e-01 3.313695432999999866e+03 7.806210549999999557e+02
2.650000000000000133e-01 3.113145509999999831e+03 6.625155869999999823e+02
2.750000000000000222e-01 2.918105739000000085e+03 5.518251020000000153e+02
2.849999999999999756e-01 2.742963823999999931e+03 4.967857940000000099e+02
2.949999999999999845e-01 2.600807032000000163e+03 4.566751219999999876e+02
3.049999999999999933e-01 2.462474521000000095e+03 3.406863490000000070e+02
3.150000000000000022e-01 2.317448815000000195e+03 3.035771349999999984e+02
3.250000000000000111e-01 2.203265855000000101e+03 2.731750170000000253e+02
3.350000000000000200e-01 2.092952780000000075e+03 2.022427089999999907e+02
3.449999999999999734e-01 1.984594311999999945e+03 1.454475459999999885e+02
3.549999999999999822e-01 1.888922616000000062e+03 1.038048610000000025e+02
3.649999999999999911e-01 1.802329040999999961e+03 8.979770100000000355e+01
3.750000000000000000e-01 1.714463813999999957e+03 3.392985900000000044e+01
3.850000000000000089e-01 1.642394311999999900e+03 -1.305312499999999964e+01
3.950000000000000178e-01 1.566853787000000011e+03 -3.866443600000000202e+01
