5.000000000000000104e-03 4.970676046499999939e+04 2.736474070500000016e+04
1.499999999999999944e-02 5.398499449599999934e+04 2.949250366299999951e+04
2.500000000000000139e-02 4.843255713799999648e+04 2.337810630799999853e+04
3.500000000000000333e-02 3.957008152300000074e+04 1.873194569000000047e+04
4.499999999999999833e-02 3.021811290100000042e+04 1.325335763399999996e+04
5.500000000000000028e-02 2.608931911799999943e+04 1.027906612400000085e+04
6.500000000000000222e-02 2.315875343300000168e+04 1.058037485200000083e+04
7.499999999999999722e-02 1.998917472099999941e+04 8.602852612000000590e+03
8.500000000000000611e-02 1.663744783000000098e+04 6.454535724999999729e+03
9.500000000000000111e-02 1.398114656499999910e+04 6.477742301999999654e+03
1.049999999999999961e-01 1.183176404799999909e+04 4.901150961999999708e+03
1.150000000000000050e-01 1.065167213300000003e+04 4.497201885999999831e+03
1.250000000000000000e-01 9.844900830000000497e+03 3.871803246999999828e+03
1.350000000000000089e-01 8.980215168999999150e+03 3.488889710999999807e+03
1.449999999999999900e-01 8.080795474999999897e+03 3.067121727000000192e+03
1.549999999999999989e-01 7.124282014999999774e+03 2.823887444999999843e+03
1.650000000000000078e-01 6.412557437000000391e+03 2.358352633999999853e+03
1.749999999999999889e-01 5.876557074000000284e+03 2.074790750000000116e+03
1.849999999999999978e-01 5.502783266999999796e+03 1.806648372000000109e+03
1.950000000000000067e-01 5.116043117999999595e+03 1.559638862000000017e+03
2.049999999999999878e-01 4.726115055999999640e+03 1.507863035000000082e+03
2.149999999999999967e-01 4.347129302999999709e+03 1.223805873999999903e+03
2.250000000000000056e-01 4.042013462999999774e+03 1.175074967999999899e+03
2.349999999999999867e-01 3.766412131999999929e+03 9.988834500000000389e+02
2.449999999999999956e-01 3.512826379999999972e+03 8.839798700000000053e+02
2.550000000000000044e-01 3.332714081000000078e+03 7.316106310000000121e+02
2.650000000000000133e-01 3.111815290999999888e+03 6.922599709999999504e+02
2.750000000000000222e-01 2.917218355999999858e+03 5.842861289999999599e+02
2.849999999999999756e-01 2.736564584000000195e+03 5.060531780000000026e+02
2.949999999999999845e-01 2.588137216000000080e+03 4.372063479999999913e+02
3.049999999999999933e-01 2.443072728000000097e+03 3.623222860000000196e+02
3.150000000000000022e-01 2.324208305999999993e+03 2.858675170000000207e+02
3.250000000000000111e-01 2.209717337999999927e+03 2.414425889999999981e+02
3.350000000000000200e-01 2.089623227999999926e+03 1.713885830000000112e+02
3.449999999999999734e-01 1.991579639999999927e+03 1.350040020000000140e+02
3.549999999999999822e-01 1.884214762000000064e+03 9.700495300000000043e+01
3.649999999999999911e-01 1.798732220000000098e+03 9.102838900000000422e+01
3.750000000000000000e-01 1.713100517000000082e+03 3.199159600000000125e+01
3.850000000000000089e-01 1.642728769000000057e+03 2.329766400000000104e+01
3.950000000000000178e-01 1.570362499000000071e+03 -2.854509399999999886e+01
