5.000000000000000104e-03 3.968326220399999875e+04 1.772685676199999943e+04
1.499999999999999944e-02 5.661488866799999960e+04 3.021913539400000082e+04
2.500000000000000139e-02 4.982246185800000239e+04 2.374847404599999936e+04
3.500000000000000333e-02 3.849896369099999720e+04 2.004236891599999944e+04
4.499999999999999833e-02 3.046073619400000098e+04 1.298468029999999999e+04
5.500000000000000028e-02 2.646092620099999840e+04 1.271767556200000035e+04
6.500000000000000222e-02 2.310335426000000007e+04 9.853554754000000685e+03
7.499999999999999722e-02 1.991318120099999942e+04 8.160531632999999601e+03
8.500000000000000611e-02 1.710486070000000109e+04 7.488519470000000183e+03
9.500000000000000111e-02 1.380429522200000065e+04 5.929779905000000326e+03
1.049999999999999961e-01 1.178073501799999940e+04 4.917260170999999900e+03
1.150000000000000050e-01 1.081925878999999986e+04 4.682283677999999782e+03
1.250000000000000000e-01 1.000194164300000011e+04 4.142111888000000363e+03
1.350000000000000089e-01 8.940738811999999598e+03 3.518449618999999984e+03
1.449999999999999900e-01 8.058240834999999606e+03 3.060038932999999815e+03
1.549999999999999989e-01 7.140803423000000294e+03 2.768283724999999777e+03
1.650000000000000078e-01 6.490150295999999798e+03 2.482284583000000111e+03
1.749999999999999889e-01 5.871425121999999647e+03 2.210764941999999792e+03
1.849999999999999978e-01 5.521506833000000370e+03 1.915945482999999967e+03
1.950000000000000067e-01 5.098052660000000287e+03 1.627220898000000034e+03
2.049999999999999878e-01 4.720046699000000444e+03 1.459020015000000058e+03
2.149999999999999967e-01 4.357193844000000354e+03 1.257234279000000015e+03
2.250000000000000056e-01 4.020783926999999949e+03 1.148436601000000110e+03
2.349999999999999867e-01 3.764191151999999875e+03 1.019137005000000045e+03
2.449999999999999956e-01 3.504293706999999813e+03 8.882272030000000314e+02
2.550000000000000044e-01 3.323830158000000210e+03 7.136512719999999490e+02
2.650000000000000133e-01 3.098318393000000015e+03 6.517787859999999682e+02
2.750000000000000222e-01 2.914330045000000155e+03 5.942528879999999845e+02
2.849999999999999756e-01 2.746110604999999850e+03 4.756583560000000261e+02
2.949999999999999845e-01 2.603801966999999877e+03 4.474477689999999939e+02
3.049999999999999933e-01 2.439242184000000179e+03 3.531147809999999936e+02
3.150000000000000022e-01 2.330464465999999902e+03 3.063916459999999802e+02
3.250000000000000111e-01 2.203888922000000093e+03 2.318620219999999961e+02
3.350000000000000200e-01 2.102064091000000190e+03 1.827651060000000030e+02
3.449999999999999734e-01 1.990201371999999992e+03 1.672489300000000014e+02
3.549999999999999822e-01 1.881006035999999995e+03 1.051607070000000022e+02
3.649999999999999911e-01 1.800726202000000058e+03 5.635628599999999722e+01
3.750000000000000000e-01 1.716865305999999919e+03 3.799656199999999728e+01
3.850000000000000089e-01 1.641133340999999973e+03 -1.137275299999999945e+01
3.950000000000000178e-01 1.562102505999999948e+03 -1.552088700000000010e+01
