5.000000000000000104e-03 4.216086821800000325e+04 3.993620533199999772e+04
1.499999999999999944e-02 5.243216926399999647e+04 2.821113084600000002e+04
2.500000000000000139e-02 5.090415028000000166e+04 2.948781776000000173e+04
3.500000000000000333e-02 3.803258346699999674e+04 1.973450804799999969e+04
4.499999999999999833e-02 3.055321700399999827e+04 1.361452403299999969e+04
5.500000000000000028e-02 2.657124229900000137e+04 1.279591109200000028e+04
6.500000000000000222e-02 2.307496864199999982e+04 1.018385886000000028e+04
7.499999999999999722e-02 2.036049419100000159e+04 9.260457222999999431e+03
8.500000000000000611e-02 1.683578859500000181e+04 7.748951853999999912e+03
9.500000000000000111e-02 1.387538028800000029e+04 6.037842529999999897e+03
1.049999999999999961e-01 1.185237734099999943e+04 4.802804959000000053e+03
1.150000000000000050e-01 1.081733827399999973e+04 4.455074150000000373e+03
1.250000000000000000e-01 9.804682558000000427e+03 3.798281383000000005e+03
1.350000000000000089e-01 9.077602788000000146e+03 3.482640027999999802e+03
1.449999999999999900e-01 8.079072839999999815e+03 2.948741923999999926e+03
1.549999999999999989e-01 7.185020604000000276e+03 2.662040222000000085e+03
1.650000000000000078e-01 6.410594541999999819e+03 2.307064695000000029e+03
1.749999999999999889e-01 5.856434849000000213e+03 2.132074148000000150e+03
1.849999999999999978e-01 5.489842388000000028e+03 1.837788579999999911e+03
1.950000000000000067e-01 5.103946660999999949e+03 1.600451612999999952e+03
2.049999999999999878e-01 4.736511663000000226e+03 1.428256775999999945e+03
2.149999999999999967e-01 4.339551601000000119e+03 1.320728587000000061e+03
2.250000000000000056e-01 4.018218131000000085e+03 1.130416607999999997e+03
2.349999999999999867e-01 3.774033150000000205e+03 1.041840629999999919e+03
2.449999999999999956e-01 3.525524398999999903e+03 8.971337140000000545e+02
2.550000000000000044e-01 3.294222287999999935e+03 7.510972900000000436e+02
2.650000000000000133e-01 3.105921569000000090e+03 7.014170649999999796e+02
2.750000000000000222e-01 2.941228732999999920e+03 5.762782979999999498e+02
2.849999999999999756e-01 2.745536000999999942e+03 5.065693749999999795e+02
2.949999999999999845e-01 2.599883546999999908e+03 4.212250649999999723e+02
3.049999999999999933e-01 2.454480008999999882e+03 3.994326490000000263e+02
3.150000000000000022e-01 2.320406433999999990e+03 3.027812109999999848e+02
3.250000000000000111e-01 2.208783066999999846e+03 2.542548769999999934e+02
3.350000000000000200e-01 2.099600205000000187e+03 1.848438280000000020e+02
3.449999999999999734e-01 1.987786427000000003e+03 1.282036080000000027e+02
3.549999999999999822e-01 1.886118576999999959e+03 1.133305990000000065e+02
3.649999999999999911e-01 1.792415913000000046e+03 4.563558400000000148e+01
3.750000000000000000e-01 1.712883583000000044e+03 2.328995700000000113e+01
3.850000000000000089e-01 1.637990964000000076e+03 -6.052626000000000062e+00
3.950000000000000178e-01 1.570427496999999903e+03 -3.349690999999999974e+01
