5.000000000000000104e-03 5.747704299400000309e+04 2.836459059400000115e+04
1.499999999999999944e-02 5.456486684599999717e+04 3.377171783999999752e+04
2.500000000000000139e-02 4.920719751199999882e+04 2.656079749799999991e+04
3.500000000000000333e-02 3.884773115099999995e+04 1.983588342399999965e+04
4.499999999999999833e-02 3.033197449699999925e+04 1.405369085199999972e+04
5.500000000000000028e-02 2.603283220499999879e+04 1.054901972500000011e+04
6.500000000000000222e-02 2.311431792000000132e+04 9.829216717999999673e+03
7.499999999999999722e-02 2.013279239299999972e+04 9.052913844000000609e+03
8.500000000000000611e-02 1.668740426700000171e+04 7.008123534999999720e+03
9.500000000000000111e-02 1.384505428100000063e+04 5.798063533999999891e+03
1.049999999999999961e-01 1.210192427800000041e+04 5.386872594999999819e+03
1.150000000000000050e-01 1.064106505800000014e+04 4.343368148999999903e+03
1.250000000000000000e-01 9.792313201000000845e+03 3.693002629999999954e+03
1.350000000000000089e-01 9.083928539000000455e+03 3.568955859000000146e+03
1.449999999999999900e-01 8.020019095999999990e+03 2.979272829999999885e+03
1.549999999999999989e-01 7.206900577000000339e+03 2.570902211999999963e+03
1.650000000000000078e-01 6.453772227999999814e+03 2.422931300000000192e+03
1.749999999999999889e-01 5.919798058999999739e+03 2.047882409000000052e+03
1.849999999999999978e-01 5.482525083999999879e+03 1.832781308999999965e+03
1.950000000000000067e-01 5.136639350000000377e+03 1.631568751999999904e+03
2.049999999999999878e-01 4.734039268000000448e+03 1.494496214000000009e+03
2.149999999999999967e-01 4.319715639000000010e+03 1.247594818000000032e+03
2.250000000000000056e-01 4.041980414999999994e+03 1.166140761000000111e+03
2.349999999999999867e-01 3.765115068999999949e+03 1.018216333999999961e+03
2.449999999999999956e-01 3.499243462999999792e+03 8.788493369999999913e+02
2.550000000000000044e-01 3.323344066000000112e+03 7.673311579999999594e+02
2.650000000000000133e-01 3.109705731000000014e+03 6.681017970000000332e+02
2.750000000000000222e-01 2.925821750000000065e+03 5.991925220000000536e+02
2.849999999999999756e-01 2.766932081999999809e+03 5.121419769999999971e+02
2.949999999999999845e-01 2.593953998999999840e+03 4.386791420000000130e+02
3.049999999999999933e-01 2.454362251999999899e+03 3.733089600000000132e+02
3.150000000000000022e-01 2.330447079999999914e+03 3.298476830000000177e+02
3.250000000000000111e-01 2.208930613999999878e+03 2.640547730000000115e+02
3.350000000000000200e-01 2.098518281000000115e+03 1.918069690000000094e+02
3.449999999999999734e-01 1.987704375000000027e+03 1.446864119999999900e+02
3.549999999999999822e-01 1.886071977999999945e+03 1.185358130000000045e+02
3.649999999999999911e-01 1.804497386999999890e+03 8.737653600000000154e+01
3.750000000000000000e-01 1.711827500000000100e+03 3.811220800000000253e+01
3.850000000000000089e-01 1.639672802999999931e+03 2.474584099999999864e+01
3.950000000000000178e-01 1.571276211000000103e+03 -3.444066000000000116e+01
