5.000000000000000104e-03 4.357325187000000005e+04 7.840387163000000328e+03
1.499999999999999944e-02 5.374195465900000272e+04 1.918077404200000092e+04
2.500000000000000139e-02 4.943678441400000156e+04 2.613123512800000026e+04
3.500000000000000333e-02 3.937303889999999956e+04 2.001732138900000064e+04
4.499999999999999833e-02 3.073868156000000090e+04 1.555808912100000089e+04
5.500000000000000028e-02 2.607159839400000055e+04 1.110981328799999937e+04
6.500000000000000222e-02 2.325186237400000027e+04 1.074217033400000037e+04
7.499999999999999722e-02 2.022301082799999858e+04 8.854584156999999323e+03
8.500000000000000611e-02 1.697627799199999936e+04 7.651478301000000101e+03
9.500000000000000111e-02 1.401487498199999936e+04 6.006156041999999616e+03
1.049999999999999961e-01 1.195678368399999999e+04 5.583486707000000024e+03
1.150000000000000050e-01 1.079420189799999935e+04 4.723026562000000013e+03
1.250000000000000000e-01 9.960659956999999849e+03 4.053931537999999819e+03
1.350000000000000089e-01 9.067979612999999517e+03 3.592809697000000142e+03
1.449999999999999900e-01 8.143369216000000051e+03 3.208346293000000060e+03
1.549999999999999989e-01 7.139102718000000095e+03 2.713774034999999913e+03
1.650000000000000078e-01 6.424450866000000133e+03 2.417944578000000092e+03
1.749999999999999889e-01 5.914510379000000285e+03 2.135125285999999960e+03
1.849999999999999978e-01 5.449214785999999549e+03 1.783778925000000072e+03
1.950000000000000067e-01 5.107166116000000329e+03 1.586390122000000019e+03
2.049999999999999878e-01 4.756024527999999918e+03 1.445927394000000049e+03
2.149999999999999967e-01 4.361228949999999713e+03 1.334677930999999944e+03
2.250000000000000056e-01 4.019448562000000038e+03 1.124998454000000038e+03
2.349999999999999867e-01 3.774540692000000035e+03 1.060505947999999989e+03
2.449999999999999956e-01 3.522632731000000149e+03 8.656782339999999749e+02
2.550000000000000044e-01 3.316590874999999869e+03 7.719278359999999566e+02
2.650000000000000133e-01 3.130042265000000043e+03 6.178760600000000522e+02
2.750000000000000222e-01 2.926213094000000183e+03 5.675681939999999486e+02
2.849999999999999756e-01 2.761972875999999815e+03 5.267683819999999741e+02
2.949999999999999845e-01 2.599019319999999880e+03 4.178891489999999749e+02
3.049999999999999933e-01 2.457386887000000115e+03 3.966216860000000111e+02
3.150000000000000022e-01 2.336473465000000033e+03 2.741281070000000000e+02
3.250000000000000111e-01 2.212706505999999990e+03 2.657509610000000180e+02
3.350000000000000200e-01 2.101130058000000190e+03 1.989676819999999964e+02
3.449999999999999734e-01 1.992465513999999985e+03 1.621934349999999938e+02
3.549999999999999822e-01 1.890029264000000012e+03 1.151448489999999936e+02
3.649999999999999911e-01 1.793817058999999972e+03 6.784624900000000025e+01
3.750000000000000000e-01 1.720990772999999990e+03 4.118080299999999738e+01
3.850000000000000089e-01 1.638245687999999973e+03 -9.503947000000000145e+00
3.950000000000000178e-01 1.563176500000000033e+03 -3.115657900000000069e+01
