5.000000000000000104e-03 3.949778524900000048e+04 3.238989327599999888e+04
1.499999999999999944e-02 4.998047797700000228e+04 1.336453679000000011e+04
2.500000000000000139e-02 4.952779343599999993e+04 2.284059333899999910e+04
3.500000000000000333e-02 3.865859747800000332e+04 1.654427005999999892e+04
4.499999999999999833e-02 3.149842816500000117e+04 1.535131938400000035e+04
5.500000000000000028e-02 2.604437896399999954e+04 1.129832145200000014e+04
6.500000000000000222e-02 2.290323347999999896e+04 1.018955760799999916e+04
7.499999999999999722e-02 2.027557133999999860e+04 8.855793803000000480e+03
8.500000000000000611e-02 1.700487532199999987e+04 7.760743757999999616e+03
9.500000000000000111e-02 1.404217421900000045e+04 6.609612783999999920e+03
1.049999999999999961e-01 1.190436325500000021e+04 4.895046887999999853e+03
1.150000000000000050e-01 1.082672841999999946e+04 4.531700686000000132e+03
1.250000000000000000e-01 9.882570971999999529e+03 3.791687618999999813e+03
1.350000000000000089e-01 9.084788422999999966e+03 3.343477506000000176e+03
1.449999999999999900e-01 8.112716402000000016e+03 3.047279680000000099e+03
1.549999999999999989e-01 7.108037486999999601e+03 2.843318327999999838e+03
1.650000000000000078e-01 6.399706858999999895e+03 2.299180526999999984e+03
1.749999999999999889e-01 5.886527865000000020e+03 2.035227945999999974e+03
1.849999999999999978e-01 5.518474548000000141e+03 1.842383035999999947e+03
1.950000000000000067e-01 5.128504079000000274e+03 1.547435917000000018e+03
2.049999999999999878e-01 4.718652847000000293e+03 1.416985433999999941e+03
2.149999999999999967e-01 4.332548450000000230e+03 1.313522819999999911e+03
2.250000000000000056e-01 4.049419076000000132e+03 1.163701119000000062e+03
2.349999999999999867e-01 3.747926652999999988e+03 1.027955288999999993e+03
2.449999999999999956e-01 3.508600021000000197e+03 9.219085760000000391e+02
2.550000000000000044e-01 3.310737329999999929e+03 7.514314100000000280e+02
2.650000000000000133e-01 3.125238566999999875e+03 6.732187219999999570e+02
2.750000000000000222e-01 2.925433477000000039e+03 5.912436519999999973e+02
2.849999999999999756e-01 2.770003240999999889e+03 4.921218620000000215e+02
2.949999999999999845e-01 2.587882497000000058e+03 4.077235069999999837e+02
3.049999999999999933e-01 2.457490259000000151e+03 3.893909390000000030e+02
3.150000000000000022e-01 2.321651819000000160e+03 3.065391809999999850e+02
3.250000000000000111e-01 2.204549155000000155e+03 2.632196369999999774e+02
3.350000000000000200e-01 2.090555377000000135e+03 2.131054129999999986e+02
3.449999999999999734e-01 2.001931849000000057e+03 1.598971060000000080e+02
3.549999999999999822e-01 1.902124346999999943e+03 1.241823190000000068e+02
3.649999999999999911e-01 1.799785712000000103e+03 4.907741800000000154e+01
3.750000000000000000e-01 1.716898803999999927e+03 3.586932699999999841e+01
3.850000000000000089e-01 1.639659615999999914e+03 1.221724599999999938e+01
3.950000000000000178e-01 1.560586502999999993e+03 -3.737093800000000243e+01
