5.000000000000000104e-03 3.242937830499999836e+04 6.572098622000000432e+03
1.499999999999999944e-02 5.136091150699999707e+04 1.683555772100000104e+04
2.500000000000000139e-02 5.136681716600000073e+04 2.555875732699999935e+04
3.500000000000000333e-02 3.872390609299999778e+04 1.734663471099999879e+04
4.499999999999999833e-02 3.008150195000000167e+04 1.336255845100000079e+04
5.500000000000000028e-02 2.610803583100000105e+04 1.265634263599999940e+04
6.500000000000000222e-02 2.366369937099999879e+04 1.021099128899999960e+04
7.499999999999999722e-02 2.028093961499999932e+04 8.523452422000000297e+03
8.500000000000000611e-02 1.694402931399999943e+04 7.574455514000000221e+03
9.500000000000000111e-02 1.383320162200000050e+04 6.088404545999999755e+03
1.049999999999999961e-01 1.208913437700000031e+04 5.287938576999999896e+03
1.150000000000000050e-01 1.079006549000000086e+04 4.404402428000000327e+03
1.250000000000000000e-01 9.876091473000000406e+03 3.837952881000000161e+03
1.350000000000000089e-01 9.056274718999999095e+03 3.244217422000000170e+03
1.449999999999999900e-01 8.047448285000000396e+03 3.043551205000000209e+03
1.549999999999999989e-01 7.154490429999999833e+03 2.681872948000000179e+03
1.650000000000000078e-01 6.379139685000000100e+03 2.401335247999999865e+03
1.749999999999999889e-01 5.913407707999999730e+03 2.042375393999999915e+03
1.849999999999999978e-01 5.463332244000000173e+03 1.893110548999999992e+03
1.950000000000000067e-01 5.079462238000000070e+03 1.660327620000000024e+03
2.049999999999999878e-01 4.695833646000000044e+03 1.376236533000000009e+03
2.149999999999999967e-01 4.383646126999999979e+03 1.331812427000000071e+03
2.250000000000000056e-01 4.038705184999999801e+03 1.156759951000000001e+03
2.349999999999999867e-01 3.766191138000000137e+03 1.010508545000000026e+03
2.449999999999999956e-01 3.529612270999999964e+03 8.009459960000000365e+02
2.550000000000000044e-01 3.320976955999999973e+03 7.527693440000000464e+02
2.650000000000000133e-01 3.119703145999999833e+03 6.862520560000000387e+02
2.750000000000000222e-01 2.929505893999999898e+03 5.640216410000000451e+02
2.849999999999999756e-01 2.768311002999999801e+03 5.222923419999999624e+02
2.949999999999999845e-01 2.594338978000000225e+03 4.564299530000000118e+02
3.049999999999999933e-01 2.460472294000000147e+03 3.701436180000000036e+02
3.150000000000000022e-01 2.335423416999999972e+03 3.293032549999999787e+02
3.250000000000000111e-01 2.203958839999999782e+03 2.239647539999999992e+02
3.350000000000000200e-01 2.096352361000000201e+03 2.214938679999999920e+02
3.449999999999999734e-01 1.985960510999999997e+03 1.433197529999999915e+02
3.549999999999999822e-01 1.904789350999999897e+03 9.694058400000000120e+01
3.649999999999999911e-01 1.815272306000000071e+03 7.864804999999999779e+01
3.750000000000000000e-01 1.722703987999999981e+03 2.488698600000000027e+01
3.850000000000000089e-01 1.630113517000000002e+03 1.370274000000000036e+01
3.950000000000000178e-01 1.571968593000000055e+03 -1.857211399999999912e+01
