5.000000000000000104e-03 4.719483041499999672e+04 2.494036318100000062e+04
1.499999999999999944e-02 6.014096945799999958e+04 3.597370393699999840e+04
2.500000000000000139e-02 5.072359223000000202e+04 2.131295679699999891e+04
3.500000000000000333e-02 3.904748069699999905e+04 2.380793585700000040e+04
4.499999999999999833e-02 3.046400821300000098e+04 1.167110348499999964e+04
5.500000000000000028e-02 2.609817561099999875e+04 1.133012174100000084e+04
6.500000000000000222e-02 2.330156258099999832e+04 9.949550628999999390e+03
7.499999999999999722e-02 1.985712222800000018e+04 9.213589239999999336e+03
8.500000000000000611e-02 1.698074462499999936e+04 7.198995828000000074e+03
9.500000000000000111e-02 1.396584834000000046e+04 5.872683635000000322e+03
1.049999999999999961e-01 1.196055890899999940e+04 5.132072893999999906e+03
1.150000000000000050e-01 1.084686634100000083e+04 4.786068524999999681e+03
1.250000000000000000e-01 9.918612538999999742e+03 3.888767559999999776e+03
1.350000000000000089e-01 9.109653663999999480e+03 3.624163715000000138e+03
1.449999999999999900e-01 8.018971625999999560e+03 2.883940719000000172e+03
1.549999999999999989e-01 7.047215126000000055e+03 2.607890534000000116e+03
1.650000000000000078e-01 6.439474849999999606e+03 2.435125160999999935e+03
1.749999999999999889e-01 5.849176693000000341e+03 2.094060223999999835e+03
1.849999999999999978e-01 5.502631704000000354e+03 1.812445087999999942e+03
1.950000000000000067e-01 5.127287704000000303e+03 1.756326947000000018e+03
2.049999999999999878e-01 4.739312007000000449e+03 1.431434449999999970e+03
2.149999999999999967e-01 4.334209719000000405e+03 1.323525626000000102e+03
2.250000000000000056e-01 4.025063635999999860e+03 1.139333100000000059e+03
2.349999999999999867e-01 3.751651999000000160e+03 1.016747511000000031e+03
2.449999999999999956e-01 3.528404637000000093e+03 8.755637000000000398e+02
2.550000000000000044e-01 3.302615213999999924e+03 7.594942029999999704e+02
2.650000000000000133e-01 3.091343013000000155e+03 6.962387039999999843e+02
2.750000000000000222e-01 2.908703574000000117e+03 5.695110959999999523e+02
2.849999999999999756e-01 2.767293595000000096e+03 5.129025510000000168e+02
2.949999999999999845e-01 2.592952483000000029e+03 4.597968779999999924e+02
3.049999999999999933e-01 2.453298581000000013e+03 3.701547560000000203e+02
3.150000000000000022e-01 2.336419776000000184e+03 3.021238379999999779e+02
3.250000000000000111e-01 2.197725993000000017e+03 2.177685859999999991e+02
3.350000000000000200e-01 2.091668196999999964e+03 2.156242019999999968e+02
3.449999999999999734e-01 1.987209168999999974e+03 1.701990110000000129e+02
3.549999999999999822e-01 1.887129316000000017e+03 9.147820500000000266e+01
3.649999999999999911e-01 1.800245734999999968e+03 6.792971300000000667e+01
3.750000000000000000e-01 1.716965042999999923e+03 3.354853599999999858e+01
3.850000000000000089e-01 1.640450673999999935e+03 -8.903688999999999965e+00
3.950000000000000178e-01 1.571902679999999918e+03 -2.940081800000000101e+01
