5.000000000000000104e-03 5.028214942500000325e+04 3.461250278499999695e+04
1.499999999999999944e-02 5.327284994100000040e+04 2.514490405699999974e+04
2.500000000000000139e-02 4.856533570699999837e+04 2.393862840199999846e+04
3.500000000000000333e-02 3.871639548099999956e+04 1.914561267600000065e+04
4.499999999999999833e-02 3.133738769999999931e+04 1.596423790499999996e+04
5.500000000000000028e-02 2.602389561200000026e+04 1.153049430100000063e+04
6.500000000000000222e-02 2.315561120600000140e+04 1.119580365300000085e+04
7.499999999999999722e-02 1.992261890199999834e+04 9.004877119999999195e+03
8.500000000000000611e-02 1.710421502500000133e+04 7.550979580000000169e+03
9.500000000000000111e-02 1.369836217700000088e+04 5.742576677000000018e+03
1.049999999999999961e-01 1.190625148599999920e+04 5.016300129999999626e+03
1.150000000000000050e-01 1.076537403599999925e+04 4.176335634000000027e+03
1.250000000000000000e-01 9.853480185000000347e+03 3.753670140000000174e+03
1.350000000000000089e-01 9.064478891999999178e+03 3.592154696000000058e+03
1.449999999999999900e-01 8.049018976999999722e+03 3.077354052000000138e+03
1.549999999999999989e-01 7.122737208999999893e+03 2.715820544000000154e+03
1.650000000000000078e-01 6.406739775000000009e+03 2.384611554000000069e+03
1.749999999999999889e-01 5.898925739999999678e+03 2.148056461000000127e+03
1.849999999999999978e-01 5.466238747000000330e+03 1.868558506000000079e+03
1.950000000000000067e-01 5.098689099000000169e+03 1.605247270999999955e+03
2.049999999999999878e-01 4.732714326999999685e+03 1.458090629999999919e+03
2.149999999999999967e-01 4.338716567999999825e+03 1.297605189999999993e+03
2.250000000000000056e-01 4.052027026000000205e+03 1.151257736000000023e+03
2.349999999999999867e-01 3.748836932000000161e+03 9.742649249999999483e+02
2.449999999999999956e-01 3.509390340999999808e+03 8.710433560000000170e+02
2.550000000000000044e-01 3.308566691999999875e+03 7.710763090000000375e+02
2.650000000000000133e-01 3.114777089000000160e+03 6.943596410000000105e+02
2.750000000000000222e-01 2.909266582000000199e+03 5.749636289999999690e+02
2.849999999999999756e-01 2.765250665999999910e+03 5.099656860000000052e+02
2.949999999999999845e-01 2.603173389999999927e+03 4.100474980000000187e+02
3.049999999999999933e-01 2.452280953999999838e+03 3.940111019999999940e+02
3.150000000000000022e-01 2.323079271000000062e+03 3.069784859999999753e+02
3.250000000000000111e-01 2.214935904999999821e+03 2.306363550000000089e+02
3.350000000000000200e-01 2.091977984000000106e+03 1.799802809999999909e+02
3.449999999999999734e-01 1.991696549000000005e+03 1.500915329999999983e+02
3.549999999999999822e-01 1.896484112999999979e+03 1.090604770000000059e+02
3.649999999999999911e-01 1.800385185999999976e+03 8.010302900000000648e+01
3.750000000000000000e-01 1.720214429000000109e+03 4.578742799999999846e+01
3.850000000000000089e-01 1.636625346999999920e+03 9.889780999999999267e+00
3.950000000000000178e-01 1.563287581000000046e+03 -4.001113699999999795e+01
