5.000000000000000104e-03 4.703510164999999688e+04 3.571238362400000187e+04
1.499999999999999944e-02 5.463259314599999925e+04 2.431677482099999906e+04
2.500000000000000139e-02 4.824790179399999761e+04 2.137564833799999906e+04
3.500000000000000333e-02 3.807277464399999735e+04 1.314372588499999983e+04
4.499999999999999833e-02 3.141724072700000033e+04 1.392113840800000071e+04
5.500000000000000028e-02 2.605351858699999866e+04 1.031377174500000001e+04
6.500000000000000222e-02 2.310838100199999826e+04 9.480723378999999113e+03
7.499999999999999722e-02 2.033573423800000091e+04 8.607420820999999705e+03
8.500000000000000611e-02 1.695741156699999920e+04 6.872496898000000328e+03
9.500000000000000111e-02 1.392620512799999960e+04 5.664444390999999996e+03
1.049999999999999961e-01 1.187736043600000085e+04 5.063249120999999832e+03
1.150000000000000050e-01 1.074616343400000005e+04 4.480190002999999706e+03
1.250000000000000000e-01 9.836197829000000638e+03 3.966236751999999797e+03
1.350000000000000089e-01 9.021852263000000676e+03 3.125772683000000143e+03
1.449999999999999900e-01 8.033394715000000360e+03 3.024510495999999875e+03
1.549999999999999989e-01 7.159518001999999797e+03 2.789445542999999816e+03
1.650000000000000078e-01 6.406076121000000057e+03 2.232009775999999874e+03
1.749999999999999889e-01 5.835685838999999760e+03 2.050483701999999994e+03
1.849999999999999978e-01 5.492311963000000105e+03 1.877900681000000077e+03
1.950000000000000067e-01 5.108912986999999703e+03 1.567504159999999956e+03
2.049999999999999878e-01 4.718729092999999921e+03 1.487625524000000041e+03
2.149999999999999967e-01 4.341052555999999640e+03 1.211689448000000084e+03
2.250000000000000056e-01 4.040771315999999842e+03 1.129465568999999959e+03
2.349999999999999867e-01 3.739157180000000153e+03 1.033527284000000009e+03
2.449999999999999956e-01 3.519588558999999805e+03 8.989364679999999908e+02
2.550000000000000044e-01 3.303513546000000133e+03 8.304251179999999977e+02
2.650000000000000133e-01 3.121441346999999951e+03 6.843845519999999851e+02
2.750000000000000222e-01 2.914178463000000193e+03 5.800815519999999879e+02
2.849999999999999756e-01 2.729668152000000191e+03 4.766690780000000132e+02
2.949999999999999845e-01 2.588802387000000181e+03 4.525437830000000190e+02
3.049999999999999933e-01 2.450347631999999976e+03 3.541630329999999844e+02
3.150000000000000022e-01 2.326910927999999785e+03 3.103656730000000152e+02
3.250000000000000111e-01 2.198688446000000113e+03 2.534205900000000042e+02
3.350000000000000200e-01 2.092807695999999851e+03 1.839288620000000094e+02
3.449999999999999734e-01 1.987422199999999975e+03 1.454174529999999947e+02
3.549999999999999822e-01 1.895511921999999913e+03 1.056497150000000005e+02
3.649999999999999911e-01 1.790390405000000101e+03 6.488206200000000479e+01
3.750000000000000000e-01 1.721543429999999944e+03 3.366802200000000056e+01
3.850000000000000089e-01 1.635841887999999926e+03 -5.385653999999999719e+00
3.950000000000000178e-01 1.565375514999999950e+03 -5.130130199999999974e+01
