5.000000000000000104e-03 3.817706997499999852e+04 1.242760766900000090e+04
1.499999999999999944e-02 6.444428146600000036e+04 4.623026022199999716e+04
2.500000000000000139e-02 4.919384087700000237e+04 1.936913283600000068e+04
3.500000000000000333e-02 3.939067541199999687e+04 1.919753781299999901e+04
4.499999999999999833e-02 3.016585153500000160e+04 1.339470667599999979e+04
5.500000000000000028e-02 2.556986780300000100e+04 1.176606220500000018e+04
6.500000000000000222e-02 2.324953354200000103e+04 1.144638657699999931e+04
7.499999999999999722e-02 2.006333942300000126e+04 7.931723498999999720e+03
8.500000000000000611e-02 1.701062259199999971e+04 7.277331127000000379e+03
9.500000000000000111e-02 1.400443292499999916e+04 6.369958193999999821e+03
1.049999999999999961e-01 1.180808058200000050e+04 4.967019045000000006e+03
1.150000000000000050e-01 1.077888712999999916e+04 4.696285128000000441e+03
1.250000000000000000e-01 9.873662543000000369e+03 4.022553746000000046e+03
1.350000000000000089e-01 9.070047206999999617e+03 3.431946297999999842e+03
1.449999999999999900e-01 8.101528159000000414e+03 3.109141580999999860e+03
1.549999999999999989e-01 7.181619126999999935e+03 2.744844159000000218e+03
1.650000000000000078e-01 6.371011201000000256e+03 2.387438720999999987e+03
1.749999999999999889e-01 5.866142464999999902e+03 1.995264930000000049e+03
1.849999999999999978e-01 5.482347362999999859e+03 1.891549420999999938e+03
1.950000000000000067e-01 5.145690862999999808e+03 1.669216061999999965e+03
2.049999999999999878e-01 4.684747245999999905e+03 1.436116860000000088e+03
2.149999999999999967e-01 4.335171178999999938e+03 1.255761126999999988e+03
2.250000000000000056e-01 4.019711028000000169e+03 1.122233656999999994e+03
2.349999999999999867e-01 3.723583317999999963e+03 1.024501189000000068e+03
2.449999999999999956e-01 3.498299176999999872e+03 9.033463229999999839e+02
2.550000000000000044e-01 3.315299323000000186e+03 7.479592740000000504e+02
2.650000000000000133e-01 3.097599537000000055e+03 6.684520589999999629e+02
2.750000000000000222e-01 2.916973805000000084e+03 5.590052329999999756e+02
2.849999999999999756e-01 2.759475798999999824e+03 5.139880779999999731e+02
2.949999999999999845e-01 2.608479522999999972e+03 4.639716730000000098e+02
3.049999999999999933e-01 2.437360700000000179e+03 3.660939720000000079e+02
3.150000000000000022e-01 2.312403143999999884e+03 2.842195889999999849e+02
3.250000000000000111e-01 2.206533546000000115e+03 2.362469380000000001e+02
3.350000000000000200e-01 2.095344544000000042e+03 2.166928090000000111e+02
3.449999999999999734e-01 1.983550075000000106e+03 1.594445430000000101e+02
3.549999999999999822e-01 1.884918893000000025e+03 1.398489639999999952e+02
3.649999999999999911e-01 1.793813137999999981e+03 6.983127700000000004e+01
3.750000000000000000e-01 1.719514570000000049e+03 5.445853499999999769e+01
3.850000000000000089e-01 1.636611830999999938e+03 -4.914190999999999754e+00
3.950000000000000178e-01 1.563525894000000108e+03 -4.268290900000000221e+01
