5.000000000000000104e-03 5.194965574499999639e+04 3.399075746000000072e+04
1.499999999999999944e-02 5.402164949799999886e+04 2.159304923499999859e+04
2.500000000000000139e-02 4.826455355799999961e+04 2.136677645900000061e+04
3.500000000000000333e-02 3.953463123400000040e+04 1.921463452200000029e+04
4.499999999999999833e-02 3.036908671500000128e+04 1.467182713999999942e+04
5.500000000000000028e-02 2.621570575499999904e+04 1.331058476300000075e+04
6.500000000000000222e-02 2.309930870900000082e+04 1.052713540599999942e+04
7.499999999999999722e-02 2.009742913599999883e+04 9.237294160999999804e+03
8.500000000000000611e-02 1.698958117499999935e+04 7.257353364999999940e+03
9.500000000000000111e-02 1.388448020600000018e+04 6.015193349000000126e+03
1.049999999999999961e-01 1.189462330199999997e+04 4.986486565000000155e+03
1.150000000000000050e-01 1.066255452100000002e+04 4.492013463000000229e+03
1.250000000000000000e-01 9.812421202999999878e+03 4.037039621999999781e+03
1.350000000000000089e-01 9.003648095000000467e+03 3.443730927000000065e+03
1.449999999999999900e-01 8.017307350000000042e+03 3.408940347000000202e+03
1.549999999999999989e-01 7.171671234000000368e+03 2.997848191999999926e+03
1.650000000000000078e-01 6.411385763999999654e+03 2.421110776999999871e+03
1.749999999999999889e-01 5.902090557999999874e+03 2.141164424999999937e+03
1.849999999999999978e-01 5.468638796999999613e+03 1.895971375999999964e+03
1.950000000000000067e-01 5.076564964999999575e+03 1.635012404000000060e+03
2.049999999999999878e-01 4.719993926000000101e+03 1.498780537000000095e+03
2.149999999999999967e-01 4.363592155000000275e+03 1.377117390999999998e+03
2.250000000000000056e-01 4.029771830000000136e+03 1.236655226999999968e+03
2.349999999999999867e-01 3.758270844000000125e+03 9.931073239999999487e+02
2.449999999999999956e-01 3.524722933999999896e+03 8.569466099999999642e+02
2.550000000000000044e-01 3.301340846000000056e+03 7.962026489999999512e+02
2.650000000000000133e-01 3.106666197999999895e+03 7.315667079999999487e+02
2.750000000000000222e-01 2.923775375000000167e+03 5.632491710000000467e+02
2.849999999999999756e-01 2.743000433000000157e+03 5.264399359999999888e+02
2.949999999999999845e-01 2.589538282999999865e+03 4.623312609999999836e+02
3.049999999999999933e-01 2.442662016000000222e+03 3.667693380000000047e+02
3.150000000000000022e-01 2.324614210000000185e+03 3.325504900000000248e+02
3.250000000000000111e-01 2.205634294999999838e+03 2.351339910000000089e+02
3.350000000000000200e-01 2.091568361000000095e+03 1.822489700000000141e+02
3.449999999999999734e-01 1.990137038000000075e+03 1.785406099999999867e+02
3.549999999999999822e-01 1.886219076000000086e+03 1.008833259999999967e+02
3.649999999999999911e-01 1.806464156000000003e+03 7.567561999999999500e+01
3.750000000000000000e-01 1.710466312000000016e+03 3.377346299999999957e+01
3.850000000000000089e-01 1.639001445999999987e+03 4.102441999999999922e+00
3.950000000000000178e-01 1.561812437000000045e+03 -1.474909599999999976e+01
