5.000000000000000104e-03 5.008292728699999861e+04 -4.457306330000000344e+03
1.499999999999999944e-02 5.253986670800000138e+04 2.288241884199999913e+04
2.500000000000000139e-02 4.859830275200000324e+04 2.389244838099999834e+04
3.500000000000000333e-02 3.878646818099999655e+04 1.445770973400000003e+04
4.499999999999999833e-02 3.170552231400000164e+04 1.472825071199999911e+04
5.500000000000000028e-02 2.602772527400000035e+04 1.240137005300000055e+04
6.500000000000000222e-02 2.286040670500000124e+04 9.779049116000000140e+03
7.499999999999999722e-02 2.002088015100000121e+04 8.847134108000000197e+03
8.500000000000000611e-02 1.675795833599999969e+04 7.519795068999999785e+03
9.500000000000000111e-02 1.406728326799999923e+04 6.337738277999999809e+03
1.049999999999999961e-01 1.192037710800000059e+04 5.365681450000000041e+03
1.150000000000000050e-01 1.090376423900000009e+04 4.656362186000000293e+03
1.250000000000000000e-01 9.910358992999999828e+03 4.144305978999999752e+03
1.350000000000000089e-01 9.105030994000000646e+03 3.670003924000000097e+03
1.449999999999999900e-01 8.106522288999999546e+03 3.169317820000000211e+03
1.549999999999999989e-01 7.153048359999999775e+03 2.825173217000000022e+03
1.650000000000000078e-01 6.424592149000000063e+03 2.361389925999999832e+03
1.749999999999999889e-01 5.882787664999999834e+03 2.175264591000000109e+03
1.849999999999999978e-01 5.517058057000000190e+03 1.782453373000000056e+03
1.950000000000000067e-01 5.058897383000000445e+03 1.662042629999999917e+03
2.049999999999999878e-01 4.710717728999999963e+03 1.402525145999999950e+03
2.149999999999999967e-01 4.366399860000000444e+03 1.277856708999999910e+03
2.250000000000000056e-01 4.015100879999999961e+03 1.136787078000000065e+03
2.349999999999999867e-01 3.759584256000000096e+03 1.006918175000000019e+03
2.449999999999999956e-01 3.514222853000000214e+03 8.923381239999999934e+02
2.550000000000000044e-01 3.325794653999999809e+03 8.125258910000000014e+02
2.650000000000000133e-01 3.111114783999999872e+03 7.022814459999999599e+02
2.750000000000000222e-01 2.932165171999999984e+03 5.941298460000000432e+02
2.849999999999999756e-01 2.753795779000000039e+03 4.852212920000000054e+02
2.949999999999999845e-01 2.585845240999999987e+03 4.471018900000000258e+02
3.049999999999999933e-01 2.463487377999999808e+03 3.960464660000000094e+02
3.150000000000000022e-01 2.320712380999999823e+03 2.910181000000000040e+02
3.250000000000000111e-01 2.202810534000000189e+03 2.508022019999999941e+02
3.350000000000000200e-01 2.102315433000000212e+03 1.747099829999999940e+02
3.449999999999999734e-01 1.995491371999999956e+03 1.380174000000000092e+02
3.549999999999999822e-01 1.900348596000000043e+03 1.128828160000000054e+02
3.649999999999999911e-01 1.797318414999999959e+03 7.162284800000000473e+01
3.750000000000000000e-01 1.711302717000000030e+03 3.214625900000000058e+01
3.850000000000000089e-01 1.649159898999999996e+03 -1.823236000000000079e+00
3.950000000000000178e-01 1.570337989000000107e+03 -3.552991399999999800e+01
