5.000000000000000104e-03 4.478927185399999871e+04 9.701766374000000724e+03
1.499999999999999944e-02 5.137099891300000309e+04 1.364418765700000040e+04
2.500000000000000139e-02 5.092727049000000261e+04 1.994499788800000169e+04
3.500000000000000333e-02 3.939042295400000148e+04 1.656217476099999840e+04
4.499999999999999833e-02 3.043107251499999984e+04 1.249751928000000044e+04
5.500000000000000028e-02 2.620525496900000144e+04 1.243994152399999984e+04
6.500000000000000222e-02 2.251453530899999896e+04 1.066187075200000072e+04
7.499999999999999722e-02 2.001438797500000146e+04 8.681564409000000524e+03
8.500000000000000611e-02 1.692656604499999958e+04 7.210364367000000129e+03
9.500000000000000111e-02 1.415119174600000042e+04 5.928475336000000425e+03
1.049999999999999961e-01 1.210489452499999970e+04 4.971268912999999884e+03
1.150000000000000050e-01 1.070501202499999999e+04 4.396641437999999653e+03
1.250000000000000000e-01 9.983992545999999493e+03 4.280107235999999830e+03
1.350000000000000089e-01 9.087760727999999290e+03 3.495573793000000023e+03
1.449999999999999900e-01 8.040609693000000334e+03 2.919263354000000163e+03
1.549999999999999989e-01 7.072147761000000173e+03 2.711549202000000150e+03
1.650000000000000078e-01 6.422781501000000389e+03 2.431564586999999847e+03
1.749999999999999889e-01 5.875226343000000270e+03 2.018675807999999961e+03
1.849999999999999978e-01 5.462386284999999589e+03 1.928098007999999936e+03
1.950000000000000067e-01 5.135622946999999840e+03 1.581299062000000049e+03
2.049999999999999878e-01 4.722030483999999888e+03 1.506300359000000071e+03
2.149999999999999967e-01 4.360167362000000139e+03 1.317187961999999970e+03
2.250000000000000056e-01 4.050812150000000202e+03 1.174338518999999906e+03
2.349999999999999867e-01 3.753847393999999895e+03 1.024230013999999983e+03
2.449999999999999956e-01 3.530339074999999866e+03 8.924997700000000123e+02
2.550000000000000044e-01 3.302175425999999788e+03 7.700433729999999741e+02
2.650000000000000133e-01 3.123409008999999969e+03 6.608331970000000410e+02
2.750000000000000222e-01 2.927092487999999776e+03 5.646868150000000242e+02
2.849999999999999756e-01 2.757238205000000107e+03 5.264467479999999568e+02
2.949999999999999845e-01 2.605707805999999891e+03 4.471312139999999999e+02
3.049999999999999933e-01 2.440304407000000083e+03 3.674298489999999902e+02
3.150000000000000022e-01 2.317952503999999863e+03 2.838939240000000268e+02
3.250000000000000111e-01 2.207495496999999887e+03 2.604661939999999731e+02
3.350000000000000200e-01 2.102341006999999991e+03 1.939396069999999952e+02
3.449999999999999734e-01 1.990688640000000078e+03 1.500246809999999869e+02
3.549999999999999822e-01 1.897414273999999978e+03 1.194415189999999996e+02
3.649999999999999911e-01 1.804185414999999921e+03 8.855147499999999638e+01
3.750000000000000000e-01 1.711911129999999957e+03 3.649956699999999898e+01
3.850000000000000089e-01 1.643074401999999964e+03 -2.346269200000000055e+01
3.950000000000000178e-01 1.569182416999999987e+03 -2.851214500000000029e+01
