5.000000000000000104e-03 4.684014530999999988e+04 5.492681367999999929e+04
1.499999999999999944e-02 5.579784422500000073e+04 3.022896948799999882e+04
2.500000000000000139e-02 5.077267812199999753e+04 2.536892371300000013e+04
3.500000000000000333e-02 3.923774138400000083e+04 1.808351390099999844e+04
4.499999999999999833e-02 3.093495840200000021e+04 1.415534891299999981e+04
5.500000000000000028e-02 2.604819431899999836e+04 1.148245538099999976e+04
6.500000000000000222e-02 2.306447028299999874e+04 1.047722171800000069e+04
7.499999999999999722e-02 1.977676241300000038e+04 8.505351285999999163e+03
8.500000000000000611e-02 1.679871852800000124e+04 7.742935792999999649e+03
9.500000000000000111e-02 1.410503105900000082e+04 5.924067396999999801e+03
1.049999999999999961e-01 1.200598775399999977e+04 5.460585721999999805e+03
1.150000000000000050e-01 1.085918264699999963e+04 4.726856136999999762e+03
1.250000000000000000e-01 1.002104689300000064e+04 3.929763343999999961e+03
1.350000000000000089e-01 9.026298260999999911e+03 3.394301524999999856e+03
1.449999999999999900e-01 8.148995960999999625e+03 2.945083829000000151e+03
1.549999999999999989e-01 7.160807064999999966e+03 2.889928206000000046e+03
1.650000000000000078e-01 6.452732358999999633e+03 2.506442030000000159e+03
1.749999999999999889e-01 5.871003396000000066e+03 2.126430312999999842e+03
1.849999999999999978e-01 5.506785678999999618e+03 1.845149272000000110e+03
1.950000000000000067e-01 5.135799235000000408e+03 1.689659499000000096e+03
2.049999999999999878e-01 4.722215264999999818e+03 1.436239857999999913e+03
2.149999999999999967e-01 4.354810956999999689e+03 1.242814049000000068e+03
2.250000000000000056e-01 4.008765015999999832e+03 1.139471180000000004e+03
2.349999999999999867e-01 3.741091275000000223e+03 9.868241779999999608e+02
2.449999999999999956e-01 3.519759910000000218e+03 8.889690709999999854e+02
2.550000000000000044e-01 3.309329855999999836e+03 7.776310339999999997e+02
2.650000000000000133e-01 3.105316895999999815e+03 6.332730340000000524e+02
2.750000000000000222e-01 2.917443568000000141e+03 5.754056339999999636e+02
2.849999999999999756e-01 2.745486049000000094e+03 4.802538969999999949e+02
2.949999999999999845e-01 2.591559334999999919e+03 4.368024399999999901e+02
3.049999999999999933e-01 2.460510495999999875e+03 3.652230549999999880e+02
3.150000000000000022e-01 2.326445526999999856e+03 2.857077709999999797e+02
3.250000000000000111e-01 2.201798694999999952e+03 2.645254370000000108e+02
3.350000000000000200e-01 2.092892698999999993e+03 2.032254470000000026e+02
3.449999999999999734e-01 1.985811752999999953e+03 1.451046719999999937e+02
3.549999999999999822e-01 1.892634369000000106e+03 1.493171619999999962e+02
3.649999999999999911e-01 1.793942142000000104e+03 7.479438100000000134e+01
3.750000000000000000e-01 1.713594536999999946e+03 3.695319099999999679e+01
3.850000000000000089e-01 1.647543378000000075e+03 -1.938325999999999993e+00
3.950000000000000178e-01 1.565709548000000041e+03 -5.616117000000000026e+00
