5.000000000000000104e-03 3.933972622299999784e+04 2.010382846000000063e+04
1.499999999999999944e-02 5.672302609200000006e+04 3.569427623799999856e+04
2.500000000000000139e-02 5.214455354800000350e+04 2.947108164899999974e+04
3.500000000000000333e-02 3.903776425800000288e+04 2.051328517899999861e+04
4.499999999999999833e-02 3.122560394000000088e+04 1.481409970199999952e+04
5.500000000000000028e-02 2.563708279599999878e+04 1.193959614499999952e+04
6.500000000000000222e-02 2.290131663599999956e+04 1.055808832099999927e+04
7.499999999999999722e-02 1.991709930600000007e+04 8.562025493999999526e+03
8.500000000000000611e-02 1.699531007699999827e+04 8.301782379000000219e+03
9.500000000000000111e-02 1.386895291299999917e+04 5.582689352999999755e+03
1.049999999999999961e-01 1.198984024300000056e+04 5.307253990000000158e+03
1.150000000000000050e-01 1.078553934200000003e+04 4.474249093000000357e+03
1.250000000000000000e-01 9.923221865999999864e+03 4.209122959000000264e+03
1.350000000000000089e-01 8.947159782000000632e+03 3.207810891000000083e+03
1.449999999999999900e-01 8.024309780999999930e+03 3.018184017999999924e+03
1.549999999999999989e-01 7.168996205999999802e+03 2.736470983000000160e+03
1.650000000000000078e-01 6.359427757999999812e+03 2.285288673000000017e+03
1.749999999999999889e-01 5.896912623000000167e+03 2.148582496999999876e+03
1.849999999999999978e-01 5.493388678000000255e+03 1.924854389999999967e+03
1.950000000000000067e-01 5.112337397000000237e+03 1.629734157999999979e+03
2.049999999999999878e-01 4.722549511000000166e+03 1.462556109000000106e+03
2.149999999999999967e-01 4.363891837000000123e+03 1.256722547000000077e+03
2.250000000000000056e-01 4.031660871999999927e+03 1.186710012999999890e+03
2.349999999999999867e-01 3.769011290999999801e+03 1.039351713000000018e+03
2.449999999999999956e-01 3.516746951000000081e+03 9.336033039999999801e+02
2.550000000000000044e-01 3.291695057999999790e+03 7.322848539999999957e+02
2.650000000000000133e-01 3.138450589000000036e+03 7.327831139999999550e+02
2.750000000000000222e-01 2.916155702999999903e+03 5.912556459999999561e+02
2.849999999999999756e-01 2.753505577999999787e+03 5.173161830000000236e+02
2.949999999999999845e-01 2.600254857999999786e+03 4.464402220000000057e+02
3.049999999999999933e-01 2.441971427999999833e+03 3.745083309999999983e+02
3.150000000000000022e-01 2.323465392000000065e+03 3.037874659999999949e+02
3.250000000000000111e-01 2.194816271000000143e+03 2.143267460000000142e+02
3.350000000000000200e-01 2.091227448999999979e+03 1.701195400000000006e+02
3.449999999999999734e-01 2.000931241000000000e+03 1.568685519999999940e+02
3.549999999999999822e-01 1.884825732999999900e+03 1.190099890000000045e+02
3.649999999999999911e-01 1.802882223000000067e+03 9.427625899999999604e+01
3.750000000000000000e-01 1.713587379000000055e+03 4.552877199999999647e+01
3.850000000000000089e-01 1.634682874000000083e+03 5.098022000000000276e+00
3.950000000000000178e-01 1.567993402999999944e+03 -3.214632000000000289e+01
