5.000000000000000104e-03 4.932356424300000072e+04 2.897839037100000132e+04
1.499999999999999944e-02 5.917943726900000183e+04 2.249151099099999919e+04
2.500000000000000139e-02 5.033521304100000270e+04 2.409874036200000046e+04
3.500000000000000333e-02 3.844684616300000198e+04 2.116266187599999830e+04
4.499999999999999833e-02 3.103888360100000136e+04 1.450249595500000032e+04
5.500000000000000028e-02 2.652337076600000000e+04 9.979467982000000120e+03
6.500000000000000222e-02 2.337886743099999876e+04 1.174114737000000059e+04
7.499999999999999722e-02 1.981060317299999952e+04 8.401742874999999913e+03
8.500000000000000611e-02 1.668427265800000168e+04 7.516926279000000250e+03
9.500000000000000111e-02 1.401611247100000037e+04 5.722268358999999691e+03
1.049999999999999961e-01 1.209022550899999987e+04 5.838526678999999604e+03
1.150000000000000050e-01 1.075486957799999982e+04 4.624619149000000107e+03
1.250000000000000000e-01 9.886772246000000450e+03 4.030350848999999926e+03
1.350000000000000089e-01 9.043659186000000773e+03 3.600098407999999836e+03
1.449999999999999900e-01 8.059298971999999594e+03 3.052831191000000217e+03
1.549999999999999989e-01 7.117835049000000254e+03 2.727078555999999935e+03
1.650000000000000078e-01 6.537509877000000415e+03 2.559458125999999993e+03
1.749999999999999889e-01 5.877564695000000029e+03 2.192267206999999871e+03
1.849999999999999978e-01 5.521191068000000087e+03 1.814487059000000045e+03
1.950000000000000067e-01 5.117458042000000205e+03 1.663881065000000035e+03
2.049999999999999878e-01 4.705302967999999964e+03 1.347578087000000096e+03
2.149999999999999967e-01 4.381054205000000366e+03 1.359735824000000093e+03
2.250000000000000056e-01 4.035472749000000022e+03 1.168203907000000072e+03
2.349999999999999867e-01 3.785316229000000021e+03 1.065752694000000020e+03
2.449999999999999956e-01 3.527754158000000189e+03 9.487903450000000021e+02
2.550000000000000044e-01 3.303091911999999866e+03 7.181291949999999815e+02
2.650000000000000133e-01 3.114977342000000135e+03 6.447882560000000467e+02
2.750000000000000222e-01 2.940669120999999905e+03 5.858792210000000296e+02
2.849999999999999756e-01 2.746957796000000144e+03 5.164619390000000294e+02
2.949999999999999845e-01 2.602394326000000092e+03 4.560900320000000079e+02
3.049999999999999933e-01 2.453045485999999983e+03 3.772694250000000125e+02
3.150000000000000022e-01 2.333403369999999995e+03 3.122894039999999904e+02
3.250000000000000111e-01 2.207122867999999926e+03 2.185847469999999930e+02
3.350000000000000200e-01 2.100021701000000121e+03 2.278885769999999980e+02
3.449999999999999734e-01 1.989543026999999938e+03 1.405196589999999901e+02
3.549999999999999822e-01 1.892741226000000097e+03 9.992622000000000071e+01
3.649999999999999911e-01 1.808134620000000041e+03 6.825308599999999615e+01
3.750000000000000000e-01 1.719234881000000087e+03 3.511333799999999883e+01
3.850000000000000089e-01 1.649856311999999889e+03 2.733319499999999991e+01
3.950000000000000178e-01 1.569323879999999917e+03 -3.093031099999999967e+01
