5.000000000000000104e-03 3.795871293600000354e+04 2.105966347600000154e+04
1.499999999999999944e-02 5.627010669500000222e+04 3.410113025899999775e+04
2.500000000000000139e-02 5.111927527900000132e+04 2.230059816599999976e+04
3.500000000000000333e-02 3.790790520300000207e+04 1.772406864399999904e+04
4.499999999999999833e-02 3.039620256399999926e+04 1.519078429599999981e+04
5.500000000000000028e-02 2.626731781699999920e+04 1.281947531499999968e+04
6.500000000000000222e-02 2.338156695000000036e+04 9.924945927000000665e+03
7.499999999999999722e-02 2.042220587499999965e+04 8.979831275000000460e+03
8.500000000000000611e-02 1.681612032399999953e+04 7.272418881999999940e+03
9.500000000000000111e-02 1.378330684499999916e+04 5.739055290000000241e+03
1.049999999999999961e-01 1.204383524399999988e+04 5.503469600999999784e+03
1.150000000000000050e-01 1.072931812200000059e+04 4.561907680999999684e+03
1.250000000000000000e-01 9.912841286000000764e+03 3.987141437000000224e+03
1.350000000000000089e-01 8.968902813000000606e+03 3.261887709000000086e+03
1.449999999999999900e-01 8.092788421000000199e+03 3.056431328000000121e+03
1.549999999999999989e-01 7.200308377999999720e+03 2.754108395000000201e+03
1.650000000000000078e-01 6.354451011000000108e+03 2.323320506000000023e+03
1.749999999999999889e-01 5.910649593000000095e+03 2.170572587000000112e+03
1.849999999999999978e-01 5.467683592000000317e+03 2.023876132000000098e+03
1.950000000000000067e-01 5.080511669999999867e+03 1.611210735999999997e+03
2.049999999999999878e-01 4.753513969999999972e+03 1.404583883000000014e+03
2.149999999999999967e-01 4.372973801000000094e+03 1.267101859000000104e+03
2.250000000000000056e-01 4.026082232000000204e+03 1.106725061999999980e+03
2.349999999999999867e-01 3.748465829000000213e+03 1.067200933999999961e+03
2.449999999999999956e-01 3.528006288000000040e+03 9.729609420000000455e+02
2.550000000000000044e-01 3.297583591999999953e+03 7.646272729999999456e+02
2.650000000000000133e-01 3.099298388000000159e+03 6.884725079999999480e+02
2.750000000000000222e-01 2.911473544999999831e+03 5.662861460000000307e+02
2.849999999999999756e-01 2.768652031999999963e+03 5.588693590000000313e+02
2.949999999999999845e-01 2.590909419000000071e+03 4.483362309999999979e+02
3.049999999999999933e-01 2.451147711999999956e+03 3.519705759999999941e+02
3.150000000000000022e-01 2.313483451999999943e+03 3.085450079999999957e+02
3.250000000000000111e-01 2.202456811999999900e+03 2.601674150000000054e+02
3.350000000000000200e-01 2.092344876999999997e+03 1.774728770000000111e+02
3.449999999999999734e-01 1.983705091999999922e+03 1.558902239999999892e+02
3.549999999999999822e-01 1.900783629999999903e+03 1.325860230000000115e+02
3.649999999999999911e-01 1.800878768000000036e+03 8.841334899999999664e+01
3.750000000000000000e-01 1.713055004000000054e+03 3.530452100000000115e+01
3.850000000000000089e-01 1.643753300999999965e+03 1.608447599999999866e+01
3.950000000000000178e-01 1.565812537000000020e+03 -2.307661299999999827e+01
