5.000000000000000104e-03 4.412366224503999547e+04 2.411457768671999656e+04
1.499999999999999944e-02 5.527089451528001518e+04 2.852804974356000457e+04
2.500000000000000139e-02 4.990276684588000353e+04 2.389007092651999847e+04
3.500000000000000333e-02 3.883909962575999816e+04 1.855776679095999498e+04
4.499999999999999833e-02 3.061267642012000215e+04 1.396031364828000005e+04
5.500000000000000028e-02 2.615413139223999679e+04 1.186250823747999675e+04
6.500000000000000222e-02 2.309956906035999782e+04 1.044093302432000019e+04
7.499999999999999722e-02 2.011126095959999657e+04 8.712436282840000786e+03
8.500000000000000611e-02 1.688162347863999821e+04 7.376443167880000146e+03
9.500000000000000111e-02 1.394413400956000260e+04 6.011597410320000563e+03
1.049999999999999961e-01 1.195339568275999954e+04 5.189044147599999633e+03
1.150000000000000050e-01 1.075996835896000266e+04 4.496018712280000727e+03
1.250000000000000000e-01 9.894070607760000712e+03 3.983663872679999258e+03
1.350000000000000089e-01 9.044412539199998719e+03 3.438018551720000687e+03
1.449999999999999900e-01 8.069277253759999439e+03 3.030942744840000614e+03
1.549999999999999989e-01 7.142443835439997201e+03 2.749152225399999679e+03
1.650000000000000078e-01 6.420568545039999663e+03 2.379805629400000271e+03
1.749999999999999889e-01 5.882685994479999863e+03 2.097612059160000172e+03
1.849999999999999978e-01 5.492373146439997981e+03 1.866912009399999761e+03
1.950000000000000067e-01 5.111589843799999471e+03 1.628696560439999985e+03
2.049999999999999878e-01 4.724839502360000552e+03 1.436467194359999894e+03
2.149999999999999967e-01 4.355969109400000889e+03 1.297039707039999939e+03
2.250000000000000056e-01 4.033383961759998783e+03 1.159305229880000070e+03
2.349999999999999867e-01 3.756494452879999699e+03 1.019983223919999887e+03
2.449999999999999956e-01 3.518599611559999175e+03 8.911026813199999879e+02
2.550000000000000044e-01 3.311840783560000091e+03 7.678984836399999949e+02
2.650000000000000133e-01 3.113675871359999292e+03 6.724692751999999700e+02
2.750000000000000222e-01 2.923116840999999567e+03 5.795383582399997522e+02
2.849999999999999756e-01 2.753727021159999822e+03 5.058876745600001641e+02
2.949999999999999845e-01 2.595235304840000026e+03 4.398462101999999163e+02
3.049999999999999933e-01 2.453901019280000128e+03 3.708275990399999955e+02
3.150000000000000022e-01 2.325660378279999804e+03 3.054485217600000624e+02
3.250000000000000111e-01 2.205416690439999911e+03 2.451978705199999524e+02
3.350000000000000200e-01 2.095253926520000277e+03 1.943222837200000583e+02
3.449999999999999734e-01 1.989433236519999582e+03 1.498946342000000129e+02
3.549999999999999822e-01 1.892516827319999948e+03 1.128444341599999632e+02
3.649999999999999911e-01 1.800948133999999754e+03 7.477097703999999112e+01
3.750000000000000000e-01 1.716417926799999805e+03 3.468169191999999157e+01
3.850000000000000089e-01 1.640258860999999797e+03 4.113648359999999116e+00
3.950000000000000178e-01 1.566576946879999696e+03 -3.014322800000000058e+01
