1.500000000000000248e-03
3.214285714285715096e-03
5.131578947368421913e-03
7.094594594594596723e-03
9.073770491803277022e-03
1.106043956043956458e-02
1.305118110236220402e-02
1.504437869822485702e-02
1.703917050691244189e-02
1.903505535055349460e-02
2.103172205438066933e-02
2.302896725440806841e-02
2.502665245202557662e-02
2.702468007312614634e-02
2.902297939778130872e-02
3.102149791955617977e-02
3.302019583843328332e-02
3.501904243743200751e-02
3.701801363193767125e-02
3.901709027169146526e-02
4.101625693893740793e-02
4.301550108147077223e-02
4.501481237656354550e-02
4.701418225709113469e-02
4.901360355358128779e-02
5.101307022039981015e-02
5.301257712387287546e-02
5.501211987659757052e-02
5.701169470660648331e-02
5.901129835312144550e-02
6.101092798280182555e-02
6.301058112193490268e-02
6.501025560113600499e-02
6.700994950994947075e-02
6.900966115933912515e-02
7.100938905051579209e-02
7.300913184888663254e-02
7.500888836217110833e-02
7.700865752192487257e-02
7.900843836786999863e-02
8.100823003454592219e-02
8.300803173988786920e-02
8.500784277541975631e-02
8.700766249779810779e-02
8.900749032149470052e-02
9.100732571244571356e-02
9.300716818251882068e-02
9.500701728468025076e-02
9.700687260875716367e-02
9.900673377771719574e-02
1.010066004443863630e-01
1.030064722885510042e-01
1.050063490143914730e-01
1.070062303482006844e-01
1.090061160363595266e-01
1.110060058435232422e-01
1.130058995510075659e-01
1.150057969553383019e-01
1.170056978669526543e-01
1.190056021090291766e-01
1.210055095164374317e-01
1.230054199347844351e-01
1.250053332195581457e-01
1.270052492353477003e-01
1.290051678551397962e-01
1.310050889596768020e-01
1.330050124368732378e-01
1.350049381812861438e-01
1.370048660936275531e-01
1.390047960803260652e-01
1.410047280531153968e-01
1.430046619286691745e-01
1.450045976282580695e-01
1.470045350774354109e-01
1.490044742057537730e-01
1.510044149464938867e-01
1.530043572364302717e-01
1.550043010155942036e-01
1.570042462270784811e-01
1.590041928168341168e-01
1.610041407335024433e-01
1.630040899282374223e-01
1.650040403545715573e-01
1.670039919682561325e-01
1.690039447271372841e-01
1.710038985910349030e-01
1.730038535216289475e-01
1.750038094823454515e-01
1.770037664382685672e-01
1.790037243560402835e-01
1.810036832037767440e-01
1.830036429509896700e-01
1.850036035685063696e-01
1.870035650284059825e-01
1.890035273039449015e-01
1.910034903695048414e-01
1.930034542005219234e-01
1.950034187734495661e-01
1.970033840656892909e-01
1.990033500555526136e-01
2.010033167222212425e-01
2.030032840456846288e-01
2.050032520067263664e-01
2.070032205868624076e-01
2.090031897683231055e-01
2.110031595340066679e-01
2.130031298674577023e-01
2.150031007528340754e-01
2.170030721748717195e-01
2.190030441188749732e-01
2.210030165706637906e-01
2.230029895165827891e-01
2.250029629434540102e-01
2.270029368385640400e-01
2.290029111896475233e-01
2.310028859848575478e-01
2.330028612127620635e-01
2.350028368623098551e-01
2.370028129228281266e-01
2.390027893840013240e-01
2.410027662358527334e-01
2.430027434687382082e-01
2.450027210733241589e-01
2.470026990405840561e-01
2.490026773617773359e-01
2.510026560284442931e-01
2.530026350323910656e-01
2.550026143656835553e-01
2.570025940206300263e-01
2.590025739897844903e-01
2.610025542659171749e-01
2.630025348420306774e-01
2.650025157113288232e-01
2.670024968672261023e-01
2.690024783033301836e-01
2.710024600134342543e-01
2.730024419915202394e-01
2.750024242317374301e-01
2.770024067284154179e-01
2.790023894760274570e-01
2.810023724692262692e-01
2.830023557027986914e-01
2.850023391716859367e-01
2.870023228709722707e-01
2.890023067958683023e-01
2.910022909417271930e-01
2.930022753040193995e-01
2.950022598783501593e-01
2.970022446604276278e-01
2.990022296460930762e-01
3.010022148312748724e-01
3.030022002120323354e-01
3.050021857845179318e-01
3.070021715449810507e-01
3.090021574897696688e-01
3.110021436153344032e-01
3.130021299182056960e-01
3.150021163950065817e-01
3.170021030424475250e-01
3.190020898573095454e-01
3.210020768364842958e-01
3.230020639768935165e-01
3.250020512755778523e-01
3.270020387296256881e-01
3.290020263362130604e-01
3.310020140925610810e-01
3.330020019959871180e-01
3.350019900438398479e-01
3.370019782335585412e-01
3.390019665626377021e-01
3.410019550286064183e-01
3.430019436290897006e-01
3.450019323617407596e-01
3.470019212242665962e-01
3.490019102144479302e-01
3.510018993300922374e-01
3.530018885690738295e-01
3.550018779293052651e-01
3.570018674087507837e-01
3.590018570054085978e-01
3.610018467173453649e-01
3.630018365426444515e-01
3.650018264794506750e-01
3.670018165259301135e-01
3.690018066803106844e-01
3.710017969408397343e-01
3.730017873058146249e-01
3.750017777735659696e-01
3.770017683424505273e-01
3.790017590108660239e-01
3.810017497772618111e-01
3.830017406400836322e-01
3.850017315978363497e-01
3.870017226490498619e-01
3.890017137922872070e-01
3.910017050261175298e-01
3.930016963491794191e-01
3.950016877601106868e-01
3.970016792575704612e-01
3.990016708402766010e-01
4.010016625069460772e-01
4.030016542563251702e-01
4.050016460871900814e-01
4.070016379983383281e-01
4.090016299886076179e-01
4.110016220568109557e-01
4.130016142018486658e-01
4.150016064225940937e-01
4.170015987179614414e-01
4.190015910868766791e-01
4.210015835282919228e-01
4.230015760411998116e-01
4.250015686245511848e-01
4.270015612773984670e-01
4.290015539987382387e-01
4.310015467876360251e-01
4.330015396431440844e-01
4.350015325643439845e-01
4.370015255503556517e-01
4.390015186002590442e-01
4.410015117132071727e-01
4.430015048883370055e-01
4.450014981248216484e-01
4.470014914218182756e-01
4.490014847785371299e-01
4.510014781941810158e-01
4.530014716679591213e-01
4.550014651991007297e-01
4.570014587868785338e-01
4.590014524305278121e-01
4.610014461293247545e-01
4.630014398825736399e-01
4.650014336895461620e-01
4.670014275495700251e-01
4.690014214619528388e-01
4.710014154260425134e-01
4.730014094411665870e-01
4.750014035067000040e-01
4.770013976219903973e-01
4.790013917864275328e-01
4.810013859993877428e-01
4.830013802602772799e-01
4.850013745684997324e-01
4.870013689234696241e-01
4.890013633246151903e-01
4.910013577713738253e-01
4.930013522631893075e-01
4.950013467995150185e-01
4.970013413798150537e-01
4.990013360035540635e-01
