8.299341198366977368e-03
1.293222785829474530e-02
1.764839540059406561e-02
2.256548624743046419e-02
2.777643631869635907e-02
3.269804945164275084e-02
3.761648412163148131e-02
4.263843590653305926e-02
4.756514397867403487e-02
5.262095846540340571e-02
5.756031579008964727e-02
6.254738086573084777e-02
6.757793245805243654e-02
7.255917271873942032e-02
7.753384095836812762e-02
8.251793095580771398e-02
8.752751585855113314e-02
9.254701595891280663e-02
9.754962816585227570e-02
1.025319577549816119e-01
1.075115963337573005e-01
1.125102824869452789e-01
1.175500815351475242e-01
1.225369407693439744e-01
1.275260915928624061e-01
1.325302049517290137e-01
1.375062658167523211e-01
1.425134383761388901e-01
1.475259185391497307e-01
1.525299392618519878e-01
1.574945641255308948e-01
1.625189271701959481e-01
1.675460952755878641e-01
1.725291960336882424e-01
1.775301907015698621e-01
1.825147596880773992e-01
1.875360659894858006e-01
1.925323612841613186e-01
1.975198597713470061e-01
2.025153626490958370e-01
2.075088432181975973e-01
2.125177993514315300e-01
2.175004105537196308e-01
2.225093097263723951e-01
2.275289518807653566e-01
2.325285335280651566e-01
2.375276482184167925e-01
2.424990955345756316e-01
2.474998477592641188e-01
2.525200231637341752e-01
2.575182183021308968e-01
2.625255611121786181e-01
2.675305453620264728e-01
2.725404518957728617e-01
2.775333128253933412e-01
2.825123834702272241e-01
2.875104583320110541e-01
2.924971256070411640e-01
2.975058753683166302e-01
3.025121290118005235e-01
3.075010305668673949e-01
3.125134098098725222e-01
3.175159610161296664e-01
3.225221298316593987e-01
3.275181648077025165e-01
3.325123749530838890e-01
3.374959275080859356e-01
3.424919127583013201e-01
3.475179694433841449e-01
3.525059921296320176e-01
3.575140093809558994e-01
3.625250121899730726e-01
3.675230343842290082e-01
3.725176954699484511e-01
3.775162922269590382e-01
3.825226775013819691e-01
3.875129949299156440e-01
3.924957752247317244e-01
3.975064587042261288e-01
4.025281591738767983e-01
4.075225831108515440e-01
4.125228099574981822e-01
4.175153165358944096e-01
4.225112269532309006e-01
4.275193341825956894e-01
4.325204712563468501e-01
4.375072259220963988e-01
4.424932815306527045e-01
4.475081036444470417e-01
4.525091505980503581e-01
4.575059382916647488e-01
4.625073094670774099e-01
4.675075876475686121e-01
4.725094673409235280e-01
4.775010455491681127e-01
4.825040702186398911e-01
4.875082594715781648e-01
4.925128965755099508e-01
4.975154922627239018e-01
