0.000000000000000000e+00 -6.550435896689668115e-03 3.232013316754596410e-02
1.000000000000000000e+00 -6.336592236294865234e-04 2.975880503135363078e-02
2.000000000000000000e+00 -2.442185223018922963e-02 2.705712852863887546e-02
3.000000000000000000e+00 -9.120832317069105938e-03 2.760034927619860884e-02
4.000000000000000000e+00 2.921267624182304415e-02 3.017716582762871441e-02
5.000000000000000000e+00 -6.164879898975915429e-02 3.513283606593894243e-02
6.000000000000000000e+00 -6.657612416306640454e-03 3.025286085209076201e-02
7.000000000000000000e+00 -8.680018471331294588e-03 3.440621164470161752e-02
8.000000000000000000e+00 -1.245996904911827671e-02 2.769751465065692711e-02
9.000000000000000000e+00 -5.086236445054514999e-03 2.435025290073080176e-02
1.000000000000000000e+01 -6.327572047943613547e-03 2.435416994491174103e-02
1.100000000000000000e+01 -2.164571279992385296e-03 2.725884296214378319e-02
1.200000000000000000e+01 -1.272748391235484049e-02 3.356590148132998497e-02
1.300000000000000000e+01 -7.288650131763323159e-03 3.093011758400901479e-02
1.400000000000000000e+01 -6.808261553852554444e-03 3.011359465733325080e-02
1.500000000000000000e+01 -1.466813504322011380e-02 2.675748301224893655e-02
1.600000000000000000e+01 -1.880578178297059519e-02 2.851552872543709413e-02
1.700000000000000000e+01 -3.015908527786620094e-02 3.357458136434968848e-02
1.800000000000000000e+01 -4.547746407898602128e-02 3.449288640015038543e-02
1.900000000000000000e+01 1.285597192484377004e-02 3.092460717558031397e-02
2.000000000000000000e+01 -4.930213148192750389e-02 3.827876139026046426e-02
2.100000000000000000e+01 -4.706501980964201276e-02 3.036055486190479200e-02
2.200000000000000000e+01 -8.769740633540801245e-02 3.802956623902819383e-02
2.300000000000000000e+01 8.461149116958268865e-03 3.036051404954307961e-02
2.400000000000000000e+01 -1.688975069518343017e-02 3.208764858357733563e-02
