0.000000000000000000e+00 4.694213334718154718e-01 2.291141890395461192e-02 1.005608508169756332e+00 2.164902579517337389e-02 1.010525361988655835e+00 8.672498252861864099e-03 -6.550435896689668115e-03 3.232013316754596410e-02
1.000000000000000000e+00 4.516108275993647170e-01 2.003248990855920064e-02 1.003869575219104249e+00 1.540029810597873770e-02 1.013068181090842623e+00 8.013877728569573575e-03 -6.336592236294865234e-04 2.975880503135363078e-02
2.000000000000000000e+00 4.231541428149991901e-01 2.058471520872739297e-02 1.011899287092587585e+00 1.754025923298548409e-02 9.986725495352654081e-01 7.920985691735236978e-03 -2.442185223018922963e-02 2.705712852863887546e-02
3.000000000000000000e+00 4.734118557502502433e-01 2.109549717793427967e-02 1.026907342843373039e+00 1.691116247585738863e-02 1.009146543957329945e+00 8.450345774869218868e-03 -9.120832317069105938e-03 2.760034927619860884e-02
4.000000000000000000e+00 4.387724290096348678e-01 2.121233751646304372e-02 1.037756333752518412e+00 1.932030626373337778e-02 9.999153766807851174e-01 8.276502555490916971e-03 2.921267624182304415e-02 3.017716582762871441e-02
5.000000000000000000e+00 4.438196953008373136e-01 2.182749969047315108e-02 1.009853928012423241e+00 1.767241427868786185e-02 1.001175346790282861e+00 9.220232161000069260e-03 -6.164879898975915429e-02 3.513283606593894243e-02
6.000000000000000000e+00 4.619352897987673567e-01 2.014280636331695559e-02 1.004744808544604906e+00 1.683882774932706286e-02 1.011904754098426062e+00 8.016091935969513194e-03 -6.657612416306640454e-03 3.025286085209076201e-02
7.000000000000000000e+00 4.788204018150112318e-01 2.182332069447099829e-02 1.007493154914793188e+00 1.740163793732659586e-02 1.012688398728705197e+00 8.270766675330023382e-03 -8.680018471331294588e-03 3.440621164470161752e-02
8.000000000000000000e+00 4.563520965685086694e-01 2.194939827750639824e-02 9.836875028515145170e-01 1.793400056116817298e-02 1.005525120369635594e+00 8.867152203743421113e-03 -1.245996904911827671e-02 2.769751465065692711e-02
9.000000000000000000e+00 4.059763130876434811e-01 2.002394570281667424e-02 1.017209370475053998e+00 1.840789280738955661e-02 1.005172685713577430e+00 7.743825448238474303e-03 -5.086236445054514999e-03 2.435025290073080176e-02
1.000000000000000000e+01 4.063096859974064112e-01 2.011140828310912718e-02 1.016764069550550209e+00 1.849847659150850865e-02 1.005340687232248564e+00 7.987588777706210522e-03 -6.327572047943613547e-03 2.435416994491174103e-02
1.100000000000000000e+01 4.421790944283511826e-01 1.919474086068267971e-02 1.019483532164505046e+00 1.477469703371992946e-02 1.014138563363043977e+00 7.224351772516675145e-03 -2.164571279992385296e-03 2.725884296214378319e-02
1.200000000000000000e+01 4.534111622142027453e-01 2.188688677662672943e-02 1.019440482453921604e+00 1.701094749519626789e-02 9.998002007568855820e-01 8.572694552252872399e-03 -1.272748391235484049e-02 3.356590148132998497e-02
1.300000000000000000e+01 4.599434603261551291e-01 2.222863497409057962e-02 1.004600037630225318e+00 1.545045598280708234e-02 9.978725124798519808e-01 8.302452486361489373e-03 -7.288650131763323159e-03 3.093011758400901479e-02
1.400000000000000000e+01 4.192700000421247242e-01 1.936536617112949790e-02 1.056772883671009300e+00 1.688254526608057651e-02 9.867852316797863788e-01 7.262845408232079629e-03 -6.808261553852554444e-03 3.011359465733325080e-02
1.500000000000000000e+01 4.437189732616586002e-01 2.134505822346336248e-02 1.036373807992402529e+00 1.838451575533994395e-02 1.000228962548433520e+00 8.781153496729487279e-03 -1.466813504322011380e-02 2.675748301224893655e-02
1.600000000000000000e+01 4.693037175771455627e-01 2.163595762103705245e-02 1.009472696740234321e+00 1.629520249325605227e-02 1.010293386537506777e+00 8.235875630773905470e-03 -1.880578178297059519e-02 2.851552872543709413e-02
1.700000000000000000e+01 4.609251876445599749e-01 2.360102405959056335e-02 1.016043374128899890e+00 2.031120913242435988e-02 1.009394296938602720e+00 9.532380336847895083e-03 -3.015908527786620094e-02 3.357458136434968848e-02
1.800000000000000000e+01 4.398093024038787213e-01 2.323641257381926090e-02 1.025752695490014021e+00 1.570851315112028676e-02 9.942216330831107340e-01 8.884169326767355282e-03 -4.547746407898602128e-02 3.449288640015038543e-02
1.900000000000000000e+01 4.490573794643067385e-01 2.112925699550350159e-02 1.005186293858848279e+00 1.950849599235519871e-02 9.956863400781605922e-01 9.093142794945278246e-03 1.285597192484377004e-02 3.092460717558031397e-02
2.000000000000000000e+01 5.067125182119676108e-01 2.483991683265731124e-02 1.002364359632317070e+00 1.798941405075535002e-02 1.011494987784010258e+00 8.618452680498827831e-03 -4.930213148192750389e-02 3.827876139026046426e-02
2.100000000000000000e+01 4.634716292089133272e-01 2.503634669443739053e-02 9.930691742037303094e-01 2.359105907170251648e-02 9.981654305052785059e-01 9.879273637574032679e-03 -4.706501980964201276e-02 3.036055486190479200e-02
2.200000000000000000e+01 4.631434861581252282e-01 2.471682169645438715e-02 1.032556077504849457e+00 2.207723818952883263e-02 1.002262535781528019e+00 7.934780966186175122e-03 -8.769740633540801245e-02 3.802956623902819383e-02
2.300000000000000000e+01 4.695960825940306282e-01 2.213534025439185468e-02 9.810089904637574465e-01 1.895491316510484678e-02 1.014753963731152231e+00 8.951037600972053601e-03 8.461149116958268865e-03 3.036051404954307961e-02
2.400000000000000000e+01 4.557276482686845598e-01 2.057374878106508001e-02 1.007748352248954093e+00 1.687218491496047731e-02 1.011027118346977893e+00 8.062336515656924954e-03 -1.688975069518343017e-02 3.208764858357733563e-02
