3.798113219970482464e-03 3.979444209325467818e+04 7.788431447473134904e+04
8.299341198366977368e-03 4.074902729029084730e+04 2.779631230028789105e+03
1.293222785829474530e-02 5.243478764217525168e+04 2.141755141636220651e+04
1.764839540059406214e-02 5.579370830423797452e+04 4.307973039728208823e+04
2.256548624743046766e-02 4.908366578538018803e+04 2.144614256899298925e+04
2.777643631869635560e-02 4.873823106282183289e+04 2.389091380273468531e+04
3.269804945164275084e-02 4.040623860987408989e+04 1.638684673459419355e+04
3.761648412163147437e-02 3.622436706634800794e+04 2.084567604792273050e+04
4.263843590653306620e-02 3.280354532537228806e+04 1.574687442232156900e+04
4.756514397867403487e-02 2.876929651081712655e+04 1.387703173721969324e+04
5.262095846540340571e-02 2.693684244202879199e+04 1.143085480728488074e+04
5.756031579008965421e-02 2.533753329710536127e+04 1.213852320873226199e+04
6.254738086573084777e-02 2.342124045644191210e+04 1.173525387841441989e+04
6.757793245805240878e-02 2.234308656995247293e+04 1.024232330142867977e+04
7.255917271873940644e-02 2.151647753992364596e+04 9.523530666694867250e+03
7.753384095836814149e-02 1.915529510947666131e+04 7.683825638749011887e+03
8.251793095580771398e-02 1.773535564996523317e+04 6.868221515200549220e+03
8.752751585855111927e-02 1.596745200327288512e+04 7.178435987227230726e+03
9.254701595891280663e-02 1.471706643659195470e+04 5.926057102894144919e+03
9.754962816585227570e-02 1.344185907462456817e+04 6.355044819310265666e+03
1.025319577549815842e-01 1.254461764183966989e+04 5.371984466089491434e+03
1.075115963337573005e-01 1.146397595029397598e+04 4.988432280792050733e+03
1.125102824869452928e-01 1.095774895593270230e+04 3.943991191232261826e+03
1.175500815351475242e-01 1.048073478810243068e+04 4.127645384366240251e+03
1.225369407693439466e-01 1.010075684972081763e+04 3.931906919225560159e+03
1.275260915928623784e-01 9.675104617111957850e+03 3.842530232712428642e+03
1.325302049517290137e-01 9.320275290208161096e+03 3.228752070141901186e+03
1.375062658167523766e-01 8.815125869682045959e+03 3.388810594328670049e+03
1.425134383761388901e-01 8.295745968246606935e+03 3.178247116940509841e+03
1.475259185391497030e-01 7.746049136442205054e+03 2.699797890495568026e+03
1.525299392618520433e-01 7.404092972711650873e+03 2.883185793917706633e+03
1.574945641255308670e-01 7.006808933309876920e+03 2.774536371906673139e+03
1.625189271701959481e-01 6.579975881997724173e+03 2.408148441442401236e+03
1.675460952755878086e-01 6.232802674741547889e+03 2.361907843980584403e+03
1.725291960336882702e-01 5.973978916291059249e+03 2.263415623701666846e+03
1.775301907015699177e-01 5.834561295164800867e+03 1.843520477038168792e+03
1.825147596880773992e-01 5.579145978451174415e+03 1.786320617542698756e+03
1.875360659894858006e-01 5.384608133407658897e+03 1.879299767922671663e+03
1.925323612841613463e-01 5.220228045587393353e+03 1.725708862057776969e+03
1.975198597713469506e-01 5.003445851366435818e+03 1.435775335976645010e+03
2.025153626490958647e-01 4.790045816932326488e+03 1.420879870514009326e+03
2.075088432181976528e-01 4.644464928995408627e+03 1.365370628527766485e+03
2.125177993514315022e-01 4.447201375284699679e+03 1.355946458471813457e+03
2.175004105537196308e-01 4.264756656874820692e+03 1.416455556299967157e+03
2.225093097263723396e-01 4.137314782000304149e+03 1.142993066810873415e+03
2.275289518807653566e-01 3.936865967215447654e+03 1.051012883531486068e+03
2.325285335280651011e-01 3.819034120309625450e+03 1.101947248148257131e+03
2.375276482184167648e-01 3.656416988758563093e+03 9.138437696976706093e+02
2.424990955345757149e-01 3.585244406468517354e+03 8.422337831673551136e+02
2.474998477592641188e-01 3.439816853407665349e+03 8.778324086715592784e+02
2.525200231637342307e-01 3.335883896111420654e+03 7.693139624711010356e+02
2.575182183021308968e-01 3.258105155900198497e+03 8.108266470460609980e+02
2.625255611121785071e-01 3.153132510646034461e+03 6.546789530809161306e+02
2.675305453620264728e-01 3.067879056153392412e+03 6.336019663336386429e+02
2.725404518957729172e-01 2.973857116622737067e+03 6.475476670753243980e+02
2.775333128253933412e-01 2.874055461624610871e+03 5.890027676747038186e+02
2.825123834702271131e-01 2.793224611927827027e+03 5.243667646932020716e+02
2.875104583320110541e-01 2.696963306531694798e+03 4.555691230320342129e+02
2.924971256070411085e-01 2.625427762047360829e+03 4.755948660928851268e+02
2.975058753683166302e-01 2.565478798300382550e+03 3.802001717502441807e+02
3.025121290118005790e-01 2.500647878877824041e+03 4.030005740160511323e+02
3.075010305668673949e-01 2.422076832713632484e+03 3.353296812229605735e+02
3.125134098098725222e-01 2.353028196081575970e+03 2.664430848308123245e+02
3.175159610161296664e-01 2.289988662137926895e+03 2.754741525393689585e+02
3.225221298316593987e-01 2.239232597031523255e+03 2.454994370630882656e+02
3.275181648077025165e-01 2.192969533934336596e+03 2.329095844176508763e+02
3.325123749530838890e-01 2.106579629815992575e+03 1.720174687385075742e+02
3.374959275080861021e-01 2.058057362862266473e+03 1.862469492366438146e+02
3.424919127583013756e-01 2.007250507436903945e+03 1.596242156658450995e+02
3.475179694433840893e-01 1.975722833903795163e+03 1.518117612261537204e+02
3.525059921296319621e-01 1.903770384645707509e+03 1.130539253223779639e+02
3.575140093809558994e-01 1.873183165126003587e+03 9.459168429309042381e+01
3.625250121899730726e-01 1.829531616575820863e+03 9.987677211767987728e+01
3.675230343842288971e-01 1.787659067442843025e+03 7.939837960899200198e+01
3.725176954699483400e-01 1.728300625696370162e+03 5.103803852077949621e+00
3.775162922269590382e-01 1.702862168522816319e+03 5.166896865339143829e+01
3.825226775013818026e-01 1.669529298016910843e+03 7.106044365718512168e+00
3.875129949299156440e-01 1.609338264375255449e+03 -5.114743169299541314e+00
3.924957752247316689e-01 1.587551451829248890e+03 -3.508115003481003669e+01
3.975064587042261843e-01 1.553368027953334831e+03 -2.383998222471552353e+01
4.025281591738766318e-01 1.515238336768011095e+03 -5.614066799555850196e+01
4.075225831108515440e-01 1.490981170343692384e+03 -5.965640051633616281e+01
4.125228099574981266e-01 1.442328218115347681e+03 -5.286418612504618153e+01
4.175153165358944651e-01 1.414360488306200750e+03 -8.104693551221464531e+01
4.225112269532309561e-01 1.376943132475826133e+03 -1.037263471506164336e+02
4.275193341825957449e-01 1.359302125131017419e+03 -1.082181021619865646e+02
4.325204712563468501e-01 1.325362481124268697e+03 -1.219586868382324525e+02
4.375072259220963988e-01 1.301675937812002530e+03 -1.475782024333204561e+02
4.424932815306526490e-01 1.273188670400532601e+03 -1.465657554059219194e+02
4.475081036444470417e-01 1.251734577829426144e+03 -1.519286216079708822e+02
4.525091505980503581e-01 1.222561215914030754e+03 -1.564000721094601545e+02
4.575059382916647488e-01 1.192589167255621533e+03 -1.531218517955113612e+02
4.625073094670774654e-01 1.175588592845796256e+03 -1.744523698015939033e+02
4.675075876475686121e-01 1.141988731829225799e+03 -1.768146907526363805e+02
4.725094673409236390e-01 1.126057720629856476e+03 -1.984050814996630265e+02
4.775010455491682237e-01 1.101917754116067726e+03 -1.926473780157668045e+02
4.825040702186400021e-01 1.085136150169587609e+03 -2.018508995355417710e+02
4.875082594715782203e-01 1.064979911177872054e+03 -2.057863083198891729e+02
4.925128965755101174e-01 1.036784911449098672e+03 -2.087940066953988776e+02
4.975154922627240128e-01 1.022573804145986514e+03 -2.321675626792160188e+02
