3.798113219970482464e-03 3.994354097422971972e+04 2.009215709715666162e+04
8.299341198366977368e-03 5.331574148481570592e+04 3.578253334609646845e+04
1.293222785829474530e-02 5.024402263649764791e+04 1.457556562629125983e+04
1.764839540059406214e-02 5.604963707589893602e+04 2.535950798122763808e+04
2.256548624743046766e-02 5.293969448564986669e+04 1.964154018874280155e+04
2.777643631869635560e-02 4.524554363509841642e+04 2.247347836476617158e+04
3.269804945164275084e-02 4.363328043819025334e+04 2.143301686527846687e+04
3.761648412163147437e-02 3.676846258393667085e+04 1.771358527959738058e+04
4.263843590653306620e-02 3.131925669952022508e+04 1.509040545529580595e+04
4.756514397867403487e-02 2.962464354523141810e+04 1.434075951767198239e+04
5.262095846540340571e-02 2.709071460941246187e+04 1.255286217238257632e+04
5.756031579008965421e-02 2.544303536236640139e+04 1.397467580715121949e+04
6.254738086573084777e-02 2.372417846573289353e+04 1.076179166694583910e+04
6.757793245805240878e-02 2.253828016117070365e+04 1.031401851306753451e+04
7.255917271873940644e-02 2.089682378743879963e+04 1.010293316336227508e+04
7.753384095836814149e-02 1.937681366362632616e+04 8.455796088204740954e+03
8.251793095580771398e-02 1.793395504325340880e+04 7.361397722314361999e+03
8.752751585855111927e-02 1.613500125763189499e+04 7.161472995590585015e+03
9.254701595891280663e-02 1.446706377366885135e+04 6.000169261388507948e+03
9.754962816585227570e-02 1.334863365623656500e+04 6.027555830807636085e+03
1.025319577549815842e-01 1.225886737928017101e+04 5.126871277608901437e+03
1.075115963337573005e-01 1.155960215899978903e+04 4.856353983235728265e+03
1.125102824869452928e-01 1.097355853016719448e+04 4.395619263086988212e+03
1.175500815351475242e-01 1.037601301954430346e+04 4.579812517342292267e+03
1.225369407693439466e-01 1.008785265792908467e+04 4.546292117862355553e+03
1.275260915928623784e-01 9.559809186004073126e+03 3.569913476121169424e+03
1.325302049517290137e-01 9.196113145179884668e+03 3.397128180870919550e+03
1.375062658167523766e-01 8.822295838500467653e+03 3.487026992971092568e+03
1.425134383761388901e-01 8.224204566237473045e+03 3.526587495996229791e+03
1.475259185391497030e-01 7.820708565329277917e+03 3.296897058200617266e+03
1.525299392618520433e-01 7.441129426219097695e+03 3.178054506553256488e+03
1.574945641255308670e-01 6.913750913800538001e+03 2.825105429219081088e+03
1.625189271701959481e-01 6.593153240454935258e+03 2.481913774946312515e+03
1.675460952755878086e-01 6.234028388893451847e+03 2.361502081343055124e+03
1.725291960336882702e-01 6.000313723900248078e+03 2.312811641520318517e+03
1.775301907015699177e-01 5.808027778776091509e+03 1.976678192803064121e+03
1.825147596880773992e-01 5.542343879340340209e+03 1.898553709008895794e+03
1.875360659894858006e-01 5.398956346170625693e+03 1.893445662758987055e+03
1.925323612841613463e-01 5.214454476894494292e+03 1.794578949671626560e+03
1.975198597713469506e-01 4.946325694130452575e+03 1.484318651834862067e+03
2.025153626490958647e-01 4.797948930951232796e+03 1.569389358239837975e+03
2.075088432181976528e-01 4.646050209005568831e+03 1.431769209035047879e+03
2.125177993514315022e-01 4.469092689757172593e+03 1.477695751489521626e+03
2.175004105537196308e-01 4.261935101148814283e+03 1.280192295082690862e+03
2.225093097263723396e-01 4.137588318485238233e+03 1.281989219953123893e+03
2.275289518807653566e-01 3.925148632614935195e+03 1.192738987900231223e+03
2.325285335280651011e-01 3.830338315277996571e+03 1.032929396341159190e+03
2.375276482184167648e-01 3.688726493995695364e+03 9.547633609032949380e+02
2.424990955345757149e-01 3.611870077433556617e+03 9.420913460964172828e+02
2.474998477592641188e-01 3.442209937475987317e+03 7.763494251978787588e+02
2.525200231637342307e-01 3.355260821164959907e+03 8.427306022553298135e+02
2.575182183021308968e-01 3.249512721553470783e+03 7.515478632915240951e+02
2.625255611121785071e-01 3.164076217482559969e+03 7.543914919242808992e+02
2.675305453620264728e-01 3.051246209409351195e+03 7.097013098404797802e+02
2.725404518957729172e-01 2.959555417546178433e+03 5.570225619283265814e+02
2.775333128253933412e-01 2.888950187642250967e+03 5.695259183675484564e+02
2.825123834702271131e-01 2.793050994756981709e+03 5.602766399529244836e+02
2.875104583320110541e-01 2.694661575921083113e+03 4.939167580821627439e+02
2.924971256070411085e-01 2.623081577296817159e+03 4.707512632160939461e+02
2.975058753683166302e-01 2.557484514896660130e+03 4.544603230408338277e+02
3.025121290118005790e-01 2.465898426976797055e+03 3.679736598577652558e+02
3.075010305668673949e-01 2.420375431263469181e+03 3.659115244497421031e+02
3.125134098098725222e-01 2.347408026964470992e+03 3.450526534408771226e+02
3.175159610161296664e-01 2.302515886285410488e+03 3.206067755003572302e+02
3.225221298316593987e-01 2.236704158792772432e+03 2.488502703628473398e+02
3.275181648077025165e-01 2.175361326935235411e+03 2.219141355002007856e+02
3.325123749530838890e-01 2.117143675065513889e+03 1.721465366710936848e+02
3.374959275080861021e-01 2.066601996083310041e+03 1.924674811081674193e+02
3.424919127583013756e-01 2.018632178600695624e+03 2.055093745992623155e+02
3.475179694433840893e-01 1.962374804243819653e+03 1.523845100789541505e+02
3.525059921296319621e-01 1.915635478195180440e+03 1.101456304799552015e+02
3.575140093809558994e-01 1.858160621290058316e+03 9.225845231936966684e+01
3.625250121899730726e-01 1.832696135996900239e+03 8.314276923392853291e+01
3.675230343842288971e-01 1.781267542180780538e+03 6.877179757963256179e+01
3.725176954699483400e-01 1.740641393674401570e+03 4.434226162253335701e+01
3.775162922269590382e-01 1.681553059796408434e+03 2.380339620425341352e+01
3.825226775013818026e-01 1.661859692638070101e+03 1.164666951274140949e+01
3.875129949299156440e-01 1.616899713379523746e+03 -2.970383605832885632e+00
3.924957752247316689e-01 1.580757244916766240e+03 -6.573410390808715142e+00
3.975064587042261843e-01 1.543758111569052517e+03 -2.232997440898307673e+01
4.025281591738766318e-01 1.505891292964787681e+03 -6.152413246656846724e+01
4.075225831108515440e-01 1.474185430875153088e+03 -5.412800893009903547e+01
4.125228099574981266e-01 1.444890620670118778e+03 -5.824724704143119425e+01
4.175153165358944651e-01 1.415326416900223421e+03 -8.322988302678409411e+01
4.225112269532309561e-01 1.391962290143209202e+03 -8.804952945743157500e+01
4.275193341825957449e-01 1.362389819673129750e+03 -1.057854550708145212e+02
4.325204712563468501e-01 1.331957017798597917e+03 -1.425006180224941374e+02
4.375072259220963988e-01 1.305353331770126943e+03 -1.239749621375220414e+02
4.424932815306526490e-01 1.270933485688275823e+03 -1.447205956358590413e+02
4.475081036444470417e-01 1.251306823120748504e+03 -1.453719816693419489e+02
4.525091505980503581e-01 1.222502169526144371e+03 -1.541437219039396211e+02
4.575059382916647488e-01 1.189618864908371052e+03 -1.439180618015967923e+02
4.625073094670774654e-01 1.166634284419657888e+03 -1.674742269558486782e+02
4.675075876475686121e-01 1.157104686848998881e+03 -1.795081102563042350e+02
4.725094673409236390e-01 1.131284783894235034e+03 -2.016101952535187820e+02
4.775010455491682237e-01 1.111116059141307687e+03 -2.000882520632324884e+02
4.825040702186400021e-01 1.078949397876207058e+03 -1.826162945251851113e+02
4.875082594715782203e-01 1.063159935342062454e+03 -2.143623870207468087e+02
4.925128965755101174e-01 1.048199066882889156e+03 -2.127965634997640905e+02
4.975154922627240128e-01 1.017303987745225527e+03 -2.233525072556610951e+02
