3.798113219970482464e-03 5.340481440090495744e+04 2.293283356100915262e+04
8.299341198366977368e-03 5.762212399552507122e+04 2.894352046473648807e+04
1.293222785829474530e-02 5.261044612615920778e+04 4.893716339838159183e+04
1.764839540059406214e-02 5.561232442668565636e+04 2.561026608775433488e+04
2.256548624743046766e-02 5.195243325865996303e+04 3.535843329504754365e+04
2.777643631869635560e-02 4.743304220871704456e+04 2.087855359532520015e+04
3.269804945164275084e-02 4.385757578502941760e+04 2.407843938000624257e+04
3.761648412163147437e-02 3.546716884910032240e+04 1.696983170551500007e+04
4.263843590653306620e-02 3.180861196835235751e+04 1.604757602584023516e+04
4.756514397867403487e-02 2.917610742448739256e+04 1.249142751061634044e+04
5.262095846540340571e-02 2.679005616786727842e+04 1.059884897484070643e+04
5.756031579008965421e-02 2.536399838711867415e+04 1.050174297026497334e+04
6.254738086573084777e-02 2.376042669691029732e+04 1.003961866028724035e+04
6.757793245805240878e-02 2.253432217904205390e+04 9.637980853115852369e+03
7.255917271873940644e-02 2.116240462115956689e+04 9.309009539235103148e+03
7.753384095836814149e-02 1.920494509030273548e+04 8.820051535658971261e+03
8.251793095580771398e-02 1.741918838660628171e+04 6.398312908151255215e+03
8.752751585855111927e-02 1.602501652878036293e+04 7.557543644121878970e+03
9.254701595891280663e-02 1.439415272007959175e+04 6.038989892174838133e+03
9.754962816585227570e-02 1.333993493861215393e+04 5.575280705180072800e+03
1.025319577549815842e-01 1.250126210405188613e+04 5.569125319999890053e+03
1.075115963337573005e-01 1.173466965796324439e+04 5.218299890786072865e+03
1.125102824869452928e-01 1.094305062582603750e+04 4.738711757273676994e+03
1.175500815351475242e-01 1.036282331862360115e+04 3.978740720938229970e+03
1.225369407693439466e-01 9.973705255336817572e+03 3.839104815227430663e+03
1.275260915928623784e-01 9.625858707180350393e+03 3.558486692610941191e+03
1.325302049517290137e-01 9.319233593346889393e+03 3.732562456063801164e+03
1.375062658167523766e-01 8.862274207708904214e+03 3.414462156249442160e+03
1.425134383761388901e-01 8.240511772603378631e+03 3.166175229255475188e+03
1.475259185391497030e-01 7.810521096040763041e+03 2.801464189058985085e+03
1.525299392618520433e-01 7.405061106085095162e+03 2.626025549251604843e+03
1.574945641255308670e-01 7.017182333579520673e+03 2.517799513502054197e+03
1.625189271701959481e-01 6.594621276969918654e+03 2.508984654918723209e+03
1.675460952755878086e-01 6.316313751039596355e+03 2.338811858547050178e+03
1.725291960336882702e-01 6.014199023476070579e+03 2.134169816511009230e+03
1.775301907015699177e-01 5.829412520872431742e+03 1.965138382616571334e+03
1.825147596880773992e-01 5.616295513689990003e+03 1.951713376017928795e+03
1.875360659894858006e-01 5.356030343676899065e+03 1.720207061416451324e+03
1.925323612841613463e-01 5.234387126503112995e+03 1.644477719227870239e+03
1.975198597713469506e-01 5.044338578306111231e+03 1.619315628768106080e+03
2.025153626490958647e-01 4.877662394452391709e+03 1.516101255722645419e+03
2.075088432181976528e-01 4.597762509785100519e+03 1.474039251855174143e+03
2.125177993514315022e-01 4.393168068439090348e+03 1.249193528978641098e+03
2.175004105537196308e-01 4.248954657539549771e+03 1.246124820547248191e+03
2.225093097263723396e-01 4.095559219388659130e+03 1.158682674319056105e+03
2.275289518807653566e-01 3.990041060721337544e+03 1.173508833476254495e+03
2.325285335280651011e-01 3.856929979660652407e+03 1.022040405965739296e+03
2.375276482184167648e-01 3.676522053827296986e+03 1.014691087582216369e+03
2.424990955345757149e-01 3.537231744196599266e+03 8.976590419900963980e+02
2.474998477592641188e-01 3.463344839542294267e+03 8.612091003841064776e+02
2.525200231637342307e-01 3.352563224772918147e+03 7.845422087302956697e+02
2.575182183021308968e-01 3.295337926135777252e+03 7.509269914041894936e+02
2.625255611121785071e-01 3.170142442386666517e+03 6.817411229629278751e+02
2.675305453620264728e-01 3.051354729906738612e+03 6.550619953366270920e+02
2.725404518957729172e-01 2.967898152629667038e+03 6.159162263525639673e+02
2.775333128253933412e-01 2.884850102669850912e+03 5.830884338401322111e+02
2.825123834702271131e-01 2.805432089874378107e+03 5.161690489846964738e+02
2.875104583320110541e-01 2.729778456340961384e+03 5.084697770616701860e+02
2.924971256070411085e-01 2.628851736411758793e+03 4.678363042033694796e+02
2.975058753683166302e-01 2.560597615891911119e+03 4.108854905984397874e+02
3.025121290118005790e-01 2.497452366869627440e+03 3.877675554801645603e+02
3.075010305668673949e-01 2.412891359393427138e+03 3.595717814468208076e+02
3.125134098098725222e-01 2.346930617624026127e+03 3.390388884331002828e+02
3.175159610161296664e-01 2.314540256860343561e+03 3.210390275959086352e+02
3.225221298316593987e-01 2.245501748847678300e+03 3.362941042181682860e+02
3.275181648077025165e-01 2.173269312160982281e+03 1.933822718607416391e+02
3.325123749530838890e-01 2.128772127709371944e+03 2.118960280290239382e+02
3.374959275080861021e-01 2.068938370195030529e+03 1.722721072870554053e+02
3.424919127583013756e-01 2.007562175801673902e+03 1.499825966519550207e+02
3.475179694433840893e-01 1.968457546311710530e+03 1.397094425863735125e+02
3.525059921296319621e-01 1.906857223783960535e+03 1.075846167484764209e+02
3.575140093809558994e-01 1.866306670554316042e+03 1.292947046196561018e+02
3.625250121899730726e-01 1.828980530976692080e+03 9.200030705706586787e+01
3.675230343842288971e-01 1.780975869606744936e+03 8.316741598825522885e+01
3.725176954699483400e-01 1.732476706153155192e+03 4.733482703120279922e+01
3.775162922269590382e-01 1.692061455103813387e+03 2.945673286013895620e+01
3.825226775013818026e-01 1.664868396390657608e+03 2.504698718617052577e+01
3.875129949299156440e-01 1.615309439539053074e+03 2.461536358171584027e+01
3.924957752247316689e-01 1.584578268503073787e+03 -1.817089933005696523e+01
3.975064587042261843e-01 1.558670428842603314e+03 -4.980377009688699275e+01
4.025281591738766318e-01 1.518898427394223063e+03 -6.856342798480889655e+01
4.075225831108515440e-01 1.488378361956900335e+03 -5.879725655066960854e+01
4.125228099574981266e-01 1.460527586464528667e+03 -7.666820736881494724e+01
4.175153165358944651e-01 1.422041517342795942e+03 -9.159879376596771294e+01
4.225112269532309561e-01 1.386963276992452393e+03 -1.025432845988810016e+02
4.275193341825957449e-01 1.351450948740437980e+03 -8.908733430357372640e+01
4.325204712563468501e-01 1.322198146037125753e+03 -1.155899232308471767e+02
4.375072259220963988e-01 1.305390840893702261e+03 -1.279107650272366072e+02
4.424932815306526490e-01 1.272342585786698919e+03 -1.434788713405156670e+02
4.475081036444470417e-01 1.249053092736053941e+03 -1.383904645148574559e+02
4.525091505980503581e-01 1.212584470566569053e+03 -1.627595652254629215e+02
4.575059382916647488e-01 1.191861865292376251e+03 -1.688906244860176571e+02
4.625073094670774654e-01 1.179337652804987329e+03 -1.755364879923500894e+02
4.675075876475686121e-01 1.154295926104859063e+03 -1.990151710630704542e+02
4.725094673409236390e-01 1.123929450307627349e+03 -2.007650883694596473e+02
4.775010455491682237e-01 1.104576296423915210e+03 -1.894206991499844719e+02
4.825040702186400021e-01 1.082022249880130175e+03 -1.921041896427533970e+02
4.875082594715782203e-01 1.063216542843291336e+03 -2.125793683250118420e+02
4.925128965755101174e-01 1.040826954788650937e+03 -2.104426526644971887e+02
4.975154922627240128e-01 1.022252232771448689e+03 -2.145640616449740889e+02
